2 3 0 5 
12 9 8 13 
26 24 16 27 
27 24 28 26 
36 20 35 19 
36 35 39 19 
41 19 36 39 
41 43 19 39 
43 41 38 39 
43 38 41 42 
42 44 43 38 
42 44 38 1 
42 1 46 44 
1 42 46 50 
38 42 50 41 
50 38 1 42 
45 1 0 52 
1 46 0 52 
1 52 50 46 
52 1 53 45 
38 50 1 53 
52 1 50 53 
38 53 51 50 
45 52 54 53 
59 45 0 52 
59 0 46 52 
59 0 45 48 
61 5 6 4 
61 3 5 4 
3 2 61 5 
62 6 60 4 
62 6 7 60 
61 62 4 6 
10 63 9 7 
63 10 60 7 
63 62 7 60 
10 63 60 11 
59 0 48 64 
2 0 46 64 
5 2 61 64 
0 59 46 64 
2 0 64 5 
5 0 64 48 
3 61 65 4 
2 3 61 65 
2 65 64 46 
2 64 65 61 
46 66 44 1 
46 2 66 0 
46 0 66 1 
2 3 66 0 
2 3 65 66 
46 2 65 66 
3 66 67 65 
3 4 65 67 
69 4 68 67 
4 69 68 60 
4 62 69 60 
4 61 69 62 
4 61 65 69 
69 4 67 65 
49 5 6 71 
5 49 48 71 
6 61 62 71 
61 5 71 6 
5 61 71 64 
5 71 48 64 
47 6 7 72 
62 6 72 7 
7 63 72 62 
6 71 72 49 
6 47 49 72 
6 62 72 71 
8 7 73 47 
72 73 7 47 
75 47 58 14 
73 72 75 47 
73 8 47 76 
8 14 76 13 
75 76 47 14 
73 8 76 12 
8 14 47 76 
14 13 15 76 
8 13 76 12 
73 76 47 75 
63 7 77 9 
73 72 7 77 
63 7 72 77 
73 77 8 12 
73 7 8 77 
7 8 77 9 
12 9 77 8 
10 11 9 78 
10 63 78 9 
10 63 11 78 
63 11 78 60 
77 63 9 78 
77 12 78 9 
79 68 11 70 
11 68 79 60 
11 78 60 79 
77 12 80 78 
77 12 73 80 
73 12 76 80 
81 13 76 15 
81 13 12 76 
81 12 80 76 
81 82 15 76 
15 82 83 74 
82 15 86 74 
86 56 74 14 
14 86 15 74 
75 14 58 86 
76 86 14 75 
56 14 86 58 
14 86 76 15 
86 82 76 15 
75 86 58 87 
87 56 74 86 
85 87 74 86 
85 74 87 56 
56 87 58 86 
17 92 29 26 
92 94 17 29 
96 91 90 89 
25 16 24 99 
16 24 99 27 
99 25 16 100 
25 99 23 100 
99 16 98 100 
101 18 102 98 
101 18 97 102 
106 18 89 90 
18 106 89 88 
97 18 106 90 
18 97 106 101 
106 89 96 90 
94 88 107 17 
92 94 107 17 
16 17 108 98 
17 26 108 92 
16 26 108 17 
16 99 98 108 
16 99 108 27 
26 16 108 27 
92 17 107 108 
18 106 88 109 
88 107 17 109 
109 107 17 108 
18 101 106 109 
101 18 98 109 
98 88 17 109 
98 17 108 109 
98 88 109 18 
97 90 111 18 
97 18 111 102 
112 90 95 111 
112 97 90 111 
113 110 34 114 
110 114 113 95 
114 115 113 95 
21 117 31 22 
117 21 118 116 
117 21 31 118 
117 31 119 118 
31 34 114 119 
34 113 114 119 
92 94 29 121 
123 116 118 32 
123 116 117 118 
123 116 32 126 
126 32 125 116 
126 32 127 125 
125 126 124 127 
128 33 37 35 
129 20 124 33 
20 36 35 129 
129 20 33 35 
33 129 35 128 
130 129 124 33 
130 127 33 124 
130 127 124 126 
33 130 128 127 
33 129 128 130 
36 19 41 131 
36 20 19 131 
20 129 131 36 
43 19 132 41 
19 41 131 132 
139 138 134 140 
143 20 133 124 
133 122 142 143 
129 20 131 143 
20 129 124 143 
19 131 143 132 
133 19 143 132 
131 20 19 143 
20 143 133 19 
124 133 143 122 
22 145 117 31 
145 22 114 31 
31 145 119 114 
31 119 145 117 
115 95 147 112 
115 95 114 147 
112 95 147 111 
145 22 147 114 
115 145 147 114 
21 148 146 116 
22 148 117 145 
21 148 117 22 
21 117 148 116 
22 145 147 150 
148 21 146 150 
148 21 150 22 
22 145 150 148 
135 104 154 153 
135 153 154 137 
99 100 155 23 
103 155 23 104 
103 23 155 100 
156 23 99 155 
25 23 156 24 
25 99 24 156 
25 99 156 23 
24 27 156 99 
99 108 27 156 
157 158 108 156 
27 158 156 108 
159 107 109 108 
157 108 158 159 
159 107 108 92 
26 27 108 160 
26 160 29 28 
26 28 27 160 
29 160 30 28 
159 108 158 160 
160 29 92 26 
27 158 108 160 
160 26 92 108 
159 160 92 108 
161 157 158 159 
161 159 158 160 
160 29 162 92 
29 92 121 162 
162 29 160 30 
163 28 30 160 
163 27 160 158 
160 162 30 163 
163 27 28 160 
163 161 158 160 
164 162 163 30 
30 164 168 120 
29 168 162 121 
162 30 164 168 
162 29 30 168 
170 162 121 92 
92 107 170 159 
162 160 92 170 
160 92 170 159 
168 169 120 171 
171 168 164 120 
171 162 164 168 
121 168 162 172 
171 168 172 162 
170 121 162 172 
170 162 171 172 
32 123 126 173 
32 126 127 173 
32 123 173 118 
32 174 173 127 
113 110 175 34 
34 176 113 119 
34 176 175 113 
31 177 34 119 
31 118 177 119 
34 176 119 177 
173 178 174 32 
178 173 118 32 
177 118 179 119 
177 179 118 178 
178 173 179 118 
128 33 180 37 
33 180 127 128 
176 34 175 183 
176 34 183 177 
37 180 128 184 
187 129 128 35 
36 35 129 187 
36 129 131 187 
128 187 35 37 
35 37 187 40 
39 35 188 40 
36 187 188 35 
36 41 188 131 
36 187 131 188 
36 35 188 39 
41 36 188 39 
35 187 188 40 
185 40 182 189 
189 185 40 37 
185 37 189 184 
187 189 188 40 
37 189 187 40 
37 128 189 184 
128 37 189 187 
38 190 41 50 
39 38 51 190 
39 41 38 190 
39 188 190 40 
39 51 40 190 
41 39 188 190 
38 50 51 190 
191 188 40 190 
40 51 182 191 
40 189 191 182 
191 189 40 188 
51 191 40 190 
131 192 143 132 
41 192 131 132 
188 41 190 192 
192 41 131 188 
70 197 198 195 
42 46 199 44 
46 66 199 44 
46 66 65 199 
42 199 46 50 
46 50 199 52 
42 200 199 50 
190 50 200 41 
42 200 50 41 
41 192 200 190 
43 41 201 42 
44 42 43 201 
44 201 43 132 
43 41 132 201 
42 44 199 201 
41 201 192 132 
201 42 200 199 
201 200 42 41 
200 192 41 201 
201 44 202 132 
66 44 202 199 
201 44 199 202 
45 203 54 52 
203 55 48 45 
55 48 57 203 
55 203 54 45 
59 45 52 203 
59 45 203 48 
50 204 200 199 
193 190 204 200 
50 204 190 200 
204 50 52 199 
46 199 65 205 
59 52 46 205 
59 64 205 46 
204 205 199 52 
46 205 52 199 
64 65 205 46 
47 49 72 206 
75 47 72 206 
75 58 47 206 
71 49 206 72 
49 58 57 206 
49 58 206 47 
59 48 207 64 
206 71 207 49 
48 57 207 49 
203 59 48 207 
206 57 49 207 
49 71 207 48 
48 207 57 203 
71 207 48 64 
203 208 59 207 
59 208 203 52 
59 205 208 52 
190 51 191 209 
190 50 51 209 
53 209 54 181 
209 53 51 181 
50 204 209 190 
53 50 52 209 
50 204 52 209 
53 209 51 50 
181 182 51 210 
181 209 210 51 
182 191 51 210 
209 191 210 51 
211 52 54 203 
52 211 209 204 
209 52 53 211 
52 53 211 54 
209 53 54 211 
52 204 205 211 
208 52 205 211 
208 203 52 211 
56 212 58 87 
213 55 57 214 
55 203 214 54 
203 207 57 214 
55 203 57 214 
54 215 211 203 
215 181 54 209 
215 211 209 54 
54 203 214 215 
181 209 215 210 
215 54 181 216 
216 215 54 217 
214 213 55 217 
55 217 54 214 
217 54 214 215 
56 212 87 221 
85 87 221 56 
85 74 56 221 
219 87 212 221 
85 84 74 221 
212 219 221 218 
87 85 221 219 
222 207 214 57 
213 214 57 222 
57 212 213 222 
222 206 207 57 
57 58 212 222 
206 57 222 58 
206 75 58 223 
222 223 212 219 
206 223 58 222 
222 223 58 212 
87 219 212 223 
87 58 223 212 
75 223 87 58 
205 224 225 208 
208 59 207 225 
205 208 225 59 
64 225 207 59 
225 64 207 71 
64 225 59 205 
225 208 224 226 
225 207 208 226 
60 68 79 227 
69 61 65 227 
78 60 79 227 
63 60 78 227 
62 60 63 227 
62 60 227 69 
69 60 227 68 
62 61 69 227 
61 62 71 227 
77 63 78 227 
64 71 225 227 
72 62 227 71 
62 72 227 63 
63 72 227 77 
65 61 64 227 
61 71 64 227 
69 65 228 227 
65 64 228 227 
225 64 227 228 
64 65 228 205 
205 224 228 225 
65 199 228 205 
225 64 228 205 
229 67 195 202 
67 69 65 229 
67 202 229 66 
69 67 68 229 
229 67 68 195 
202 229 194 195 
67 66 229 65 
65 66 229 199 
66 202 229 199 
65 199 229 228 
65 69 228 229 
79 230 70 198 
79 70 230 68 
68 70 230 195 
69 229 68 230 
230 198 195 70 
229 195 68 230 
69 227 230 68 
79 68 230 227 
69 227 228 230 
229 69 228 230 
230 231 198 79 
79 230 231 227 
71 207 225 232 
206 71 232 207 
71 232 72 206 
206 232 72 75 
226 225 207 232 
71 232 225 227 
72 71 227 232 
77 73 233 80 
76 73 233 75 
73 72 233 75 
73 72 77 233 
72 233 232 227 
72 233 75 232 
73 233 80 76 
72 233 227 77 
234 233 232 75 
234 233 76 80 
76 81 234 80 
234 76 233 75 
76 75 234 86 
235 232 75 234 
223 206 75 235 
206 232 75 235 
85 74 84 236 
86 82 74 236 
82 83 74 236 
84 74 83 236 
85 74 236 86 
223 75 87 237 
86 75 237 87 
237 235 75 234 
223 235 75 237 
75 234 86 237 
234 238 86 237 
236 238 86 82 
239 238 82 86 
76 81 239 234 
81 239 82 76 
86 82 239 76 
238 234 86 239 
76 234 239 86 
78 79 240 227 
79 240 227 231 
77 80 240 78 
80 77 240 233 
78 77 227 240 
77 233 227 240 
233 234 241 80 
81 239 234 241 
81 80 241 234 
80 233 240 241 
239 244 82 238 
244 236 82 238 
245 84 242 243 
245 243 220 84 
236 244 82 246 
83 246 220 84 
245 246 84 220 
246 82 236 83 
246 83 236 84 
247 220 246 245 
220 247 243 245 
242 221 84 248 
85 248 84 221 
85 248 245 84 
242 248 84 245 
85 248 221 219 
236 249 244 246 
245 249 84 246 
249 236 84 246 
85 249 236 84 
85 245 249 84 
248 85 245 249 
85 250 248 219 
87 250 85 219 
236 249 85 250 
85 250 249 248 
250 85 236 86 
87 250 86 85 
236 238 250 86 
223 251 237 87 
223 251 219 222 
219 251 223 87 
251 87 219 252 
252 250 238 86 
238 252 86 237 
252 251 87 237 
250 87 252 219 
87 250 252 86 
87 252 237 86 
89 106 96 253 
88 94 107 253 
88 253 93 94 
107 88 253 109 
88 253 109 106 
253 88 93 89 
89 253 88 106 
96 91 89 254 
253 89 93 254 
89 96 254 253 
255 166 165 93 
166 93 255 121 
255 165 254 93 
166 172 121 255 
93 253 254 255 
166 256 172 255 
91 257 254 96 
258 257 96 254 
258 96 253 254 
257 259 91 254 
259 257 91 110 
95 91 261 110 
261 96 91 90 
90 112 261 97 
91 257 261 110 
261 90 91 95 
112 90 261 95 
90 97 261 106 
96 91 257 261 
95 112 115 261 
96 261 106 90 
107 92 262 94 
107 253 94 262 
253 93 262 255 
94 93 121 262 
253 93 94 262 
107 92 170 262 
172 121 255 262 
172 121 262 170 
260 262 170 172 
92 170 262 121 
256 255 262 172 
93 255 121 262 
260 172 256 262 
94 92 262 121 
260 263 170 262 
262 253 264 107 
96 265 106 261 
264 265 253 258 
258 265 253 96 
265 106 253 96 
107 262 170 266 
107 262 266 264 
159 107 170 266 
263 266 159 170 
263 262 266 170 
107 266 159 109 
261 95 110 267 
95 261 115 267 
267 261 257 110 
96 261 267 265 
110 113 267 95 
95 115 113 267 
96 257 258 267 
261 96 267 257 
96 265 267 258 
111 105 152 268 
101 97 268 102 
111 105 268 102 
97 111 112 268 
97 111 268 102 
97 106 268 261 
97 101 268 106 
101 106 109 268 
112 97 268 261 
106 265 268 261 
156 99 269 155 
100 103 102 269 
100 103 269 155 
99 100 98 269 
99 100 269 155 
100 102 98 269 
101 102 269 98 
101 102 268 269 
108 109 269 98 
101 109 269 268 
108 157 156 269 
98 101 109 269 
99 269 108 156 
99 108 269 98 
103 270 104 153 
105 270 153 152 
103 155 104 270 
105 102 103 270 
105 270 103 153 
155 104 270 154 
270 104 153 154 
103 102 269 270 
103 269 155 270 
105 102 270 268 
102 268 269 270 
105 268 270 152 
107 109 253 271 
271 266 264 107 
109 106 253 271 
109 106 271 268 
106 265 271 268 
264 107 253 271 
271 107 109 266 
264 265 271 253 
265 106 271 253 
108 272 269 109 
108 159 272 109 
271 109 268 272 
109 272 269 268 
157 108 159 272 
157 108 272 269 
271 266 109 272 
266 272 159 109 
113 273 175 110 
175 110 273 259 
113 273 110 267 
259 257 110 273 
273 257 110 267 
113 273 176 175 
274 113 176 119 
113 274 176 273 
113 273 267 274 
179 177 275 183 
176 183 275 177 
179 275 177 119 
275 274 176 119 
275 177 119 176 
147 276 111 152 
112 111 147 276 
115 147 276 112 
115 147 145 276 
112 111 276 268 
111 276 268 152 
112 115 261 276 
261 115 267 276 
112 261 268 276 
274 113 119 277 
115 276 145 277 
114 115 277 113 
145 114 277 119 
277 276 267 115 
145 115 277 114 
113 114 119 277 
113 277 274 267 
277 113 115 267 
126 116 125 278 
123 116 126 278 
123 116 278 117 
116 125 278 146 
117 148 116 278 
116 148 146 278 
117 148 278 279 
148 117 145 279 
145 119 277 279 
119 117 279 145 
277 145 279 276 
274 280 277 119 
280 279 277 119 
275 281 119 179 
123 118 281 173 
281 119 179 118 
118 123 281 117 
123 117 278 281 
119 117 281 279 
117 278 281 279 
117 119 281 118 
173 281 179 118 
119 282 275 274 
282 119 281 279 
282 281 119 275 
282 280 274 119 
282 280 119 279 
120 169 283 171 
120 283 169 167 
283 164 120 171 
172 121 285 166 
121 172 285 168 
167 284 287 288 
165 289 255 254 
254 257 259 289 
254 258 257 289 
289 254 290 259 
289 165 290 254 
125 278 146 291 
122 149 142 291 
122 124 291 143 
122 142 143 291 
122 149 291 146 
122 125 291 124 
122 125 146 291 
278 123 281 292 
126 123 292 173 
278 126 123 292 
173 281 123 292 
281 173 293 292 
188 294 192 190 
193 294 190 200 
192 294 200 190 
130 124 129 295 
125 126 295 124 
125 291 295 278 
130 124 295 126 
126 125 295 278 
131 143 295 129 
129 124 143 295 
295 124 143 291 
124 125 291 295 
292 126 295 278 
130 126 295 296 
127 130 296 126 
174 127 296 173 
296 130 127 128 
292 126 296 295 
292 126 173 296 
127 126 296 173 
296 180 128 127 
180 127 296 174 
297 128 184 189 
297 128 189 187 
128 180 297 184 
128 296 297 180 
292 298 296 173 
292 298 295 296 
292 298 173 293 
129 299 295 131 
187 299 129 131 
187 299 128 129 
187 299 131 188 
128 296 130 299 
128 297 296 299 
129 128 130 299 
187 128 299 297 
130 296 295 299 
129 130 295 299 
131 300 143 192 
192 300 188 131 
131 300 188 299 
192 294 188 300 
295 143 301 291 
131 143 301 295 
131 300 301 143 
301 131 299 300 
301 299 131 295 
201 132 202 302 
133 143 142 302 
132 202 302 194 
202 302 194 229 
132 133 194 302 
133 194 302 142 
192 300 143 302 
133 143 302 132 
192 132 302 143 
201 132 302 192 
200 201 302 192 
136 137 135 303 
140 144 303 134 
136 138 137 303 
136 138 303 134 
138 140 303 134 
135 154 303 137 
153 304 154 137 
304 151 137 153 
304 151 141 137 
137 304 154 303 
151 149 304 141 
196 305 137 138 
304 141 305 137 
196 138 139 305 
141 196 194 305 
305 141 196 137 
305 304 137 306 
137 304 303 306 
140 138 306 139 
140 306 303 144 
306 138 140 303 
138 305 306 139 
305 138 306 137 
138 137 303 306 
139 197 196 307 
196 139 307 305 
140 307 139 306 
306 307 139 305 
140 306 144 308 
140 307 306 308 
143 309 142 302 
291 149 309 304 
149 141 309 304 
142 149 141 309 
141 194 309 305 
142 141 194 309 
194 302 309 305 
142 194 302 309 
141 305 309 304 
291 309 142 143 
142 149 309 291 
301 300 310 143 
300 310 143 302 
309 143 291 310 
310 143 302 309 
301 143 310 291 
303 311 144 306 
144 186 308 311 
144 306 311 308 
155 313 154 270 
150 152 151 314 
150 147 152 314 
147 276 152 314 
150 147 314 145 
148 146 278 314 
147 145 276 314 
150 148 314 146 
146 278 314 291 
148 279 314 278 
149 291 314 304 
279 148 314 145 
151 304 314 153 
152 151 314 153 
151 149 314 304 
150 146 314 151 
146 151 149 314 
146 291 314 149 
148 150 314 145 
279 145 314 276 
276 314 315 152 
152 314 315 153 
270 315 154 153 
270 153 152 315 
270 268 315 152 
268 276 315 152 
270 315 313 154 
154 313 312 316 
316 153 304 154 
315 316 153 314 
313 315 316 154 
316 154 304 303 
154 312 303 316 
315 316 154 153 
304 314 153 316 
311 317 303 312 
312 316 317 303 
311 303 317 306 
314 304 318 316 
279 314 278 318 
314 318 304 291 
291 278 314 318 
291 309 318 304 
269 155 270 319 
156 155 269 319 
155 319 313 270 
157 272 319 269 
157 158 319 161 
158 157 319 156 
157 156 269 319 
157 320 272 159 
157 320 319 272 
157 320 161 319 
266 159 272 320 
161 157 159 320 
161 158 321 163 
158 161 321 319 
161 320 321 319 
289 290 165 322 
255 256 323 166 
165 323 255 289 
255 165 166 323 
289 323 322 165 
322 290 165 324 
322 323 324 165 
159 320 266 325 
266 263 159 325 
161 320 159 325 
161 320 325 321 
160 326 163 161 
326 325 159 263 
160 162 163 326 
161 326 325 159 
159 161 326 160 
170 326 159 263 
162 170 326 160 
326 160 170 159 
161 326 163 321 
161 325 326 321 
327 170 260 263 
170 327 326 263 
325 326 327 263 
170 326 328 162 
170 326 327 328 
162 328 170 171 
328 162 164 171 
326 329 162 163 
326 325 329 321 
328 164 162 329 
328 326 329 162 
164 329 163 162 
329 326 321 163 
329 328 164 330 
164 330 171 283 
328 164 330 171 
165 323 331 166 
166 256 331 172 
166 285 172 331 
256 166 331 323 
323 165 331 324 
285 332 172 331 
333 287 169 167 
333 171 283 169 
167 284 333 287 
333 169 283 167 
284 167 333 283 
169 333 286 287 
334 171 283 333 
334 330 283 171 
334 328 330 171 
286 335 169 285 
169 335 286 333 
335 169 171 333 
285 332 335 172 
332 285 335 286 
171 335 333 334 
169 335 168 285 
171 169 335 168 
285 172 335 168 
171 335 172 168 
260 336 172 170 
328 334 327 336 
334 171 336 328 
260 327 336 170 
328 171 336 170 
336 171 172 170 
336 335 172 171 
336 171 334 335 
327 170 328 336 
337 260 172 256 
260 336 337 172 
256 338 172 337 
338 336 172 337 
338 332 172 335 
335 336 172 338 
332 338 172 331 
256 172 338 331 
329 325 339 321 
179 178 340 173 
179 173 340 281 
173 340 281 293 
179 275 281 340 
341 174 296 173 
341 293 173 298 
173 178 340 341 
341 298 173 296 
173 174 178 341 
173 340 293 341 
174 180 341 296 
174 342 341 180 
341 178 340 343 
174 341 343 178 
341 174 343 342 
175 176 183 345 
175 345 273 176 
175 346 259 273 
345 175 273 346 
175 345 183 347 
345 346 347 175 
176 348 273 274 
176 348 345 273 
176 348 274 275 
183 176 349 345 
176 183 349 275 
348 176 345 349 
348 176 349 275 
347 349 345 183 
183 349 275 179 
179 351 340 178 
340 350 343 351 
179 351 178 177 
351 178 343 340 
351 177 179 183 
351 183 179 349 
352 348 349 275 
344 352 340 275 
352 275 349 179 
344 350 340 352 
350 340 352 351 
179 340 351 352 
179 275 340 352 
352 351 179 349 
353 296 298 341 
353 296 341 180 
296 353 297 180 
353 354 341 298 
354 293 341 298 
354 293 340 341 
341 354 343 340 
342 355 180 184 
353 355 297 180 
184 180 297 355 
342 355 341 180 
353 341 355 180 
356 210 191 182 
216 215 358 181 
181 210 215 358 
182 356 359 185 
210 360 181 182 
360 181 358 210 
356 360 182 359 
356 360 210 182 
356 361 182 191 
356 361 191 210 
189 185 361 182 
356 182 361 185 
361 191 189 182 
356 361 210 357 
362 297 184 189 
362 184 297 355 
363 361 185 356 
363 359 356 185 
185 189 363 184 
189 185 363 361 
363 189 361 362 
362 363 189 184 
364 351 343 350 
349 183 347 365 
349 183 365 351 
366 342 184 355 
184 366 355 362 
184 366 362 367 
363 367 359 185 
185 363 367 184 
362 363 184 367 
311 370 368 186 
370 306 308 311 
370 311 308 186 
317 370 311 306 
186 369 371 368 
308 371 370 186 
186 370 368 371 
372 189 362 361 
297 372 189 362 
299 187 297 373 
373 187 189 188 
373 297 372 189 
187 299 188 373 
297 373 187 189 
373 191 188 189 
374 373 188 299 
374 188 300 299 
294 374 188 300 
374 373 375 188 
191 190 375 188 
375 373 191 188 
193 375 190 294 
188 375 294 190 
374 375 294 188 
357 376 361 210 
191 376 210 361 
376 377 361 191 
375 373 377 191 
373 377 189 372 
377 361 189 372 
361 191 377 189 
373 377 191 189 
376 375 377 191 
378 376 210 191 
209 191 190 378 
378 210 209 191 
357 376 210 378 
209 378 190 380 
380 211 209 379 
380 378 379 209 
380 211 204 209 
380 209 204 190 
376 357 381 378 
378 191 190 383 
375 191 383 190 
380 383 190 204 
375 376 383 191 
383 380 190 378 
193 383 190 375 
376 378 383 191 
193 383 204 190 
383 193 204 382 
376 378 381 383 
382 384 204 383 
380 211 384 204 
380 379 384 211 
380 383 204 384 
199 200 385 204 
193 200 204 385 
204 382 193 385 
204 382 385 205 
204 199 205 385 
199 205 385 228 
224 205 228 385 
224 382 205 385 
300 386 310 302 
200 386 302 385 
192 200 386 302 
192 300 302 386 
294 192 386 300 
200 386 385 193 
294 386 200 193 
192 294 386 200 
387 193 385 386 
387 382 385 193 
383 387 193 382 
294 193 387 386 
388 294 375 193 
193 388 383 375 
388 193 387 294 
193 387 383 388 
294 388 386 387 
388 375 294 374 
229 230 389 195 
195 194 196 389 
198 195 197 389 
230 198 389 195 
198 197 307 389 
196 305 389 194 
194 302 305 389 
302 229 389 194 
229 195 389 194 
197 307 389 196 
195 197 389 196 
196 305 307 389 
230 198 390 389 
231 198 390 230 
198 389 307 390 
391 229 389 302 
391 199 228 229 
201 200 391 199 
391 202 229 302 
201 199 391 202 
391 202 199 229 
201 302 202 391 
201 200 302 391 
385 199 391 200 
200 385 302 391 
199 385 391 228 
360 356 392 359 
357 378 210 393 
357 381 378 393 
357 394 393 210 
360 210 358 394 
392 360 358 394 
210 356 394 360 
392 360 394 356 
210 356 357 394 
385 228 395 391 
395 224 228 385 
382 385 395 387 
382 224 395 385 
218 396 212 219 
222 396 219 212 
214 396 222 213 
218 213 212 396 
396 222 219 251 
396 222 213 212 
396 214 218 213 
211 397 203 215 
397 214 203 215 
208 203 211 397 
396 214 222 397 
214 222 397 207 
203 208 207 397 
203 214 397 207 
384 382 204 398 
224 205 398 208 
224 205 382 398 
384 398 204 211 
205 382 398 204 
208 398 211 205 
205 204 398 211 
208 398 397 211 
384 399 382 398 
398 224 399 382 
224 382 395 399 
384 399 398 400 
235 232 401 206 
223 235 401 206 
206 207 232 401 
226 235 232 401 
226 401 232 207 
401 226 208 207 
223 222 206 401 
222 207 206 401 
223 222 401 251 
397 207 222 402 
401 222 207 402 
398 397 402 208 
397 208 207 402 
396 397 222 402 
401 207 208 402 
398 399 224 403 
226 401 208 403 
224 399 395 403 
402 403 208 401 
398 224 208 403 
403 226 224 208 
398 403 208 402 
381 404 357 376 
404 381 357 393 
394 358 392 405 
406 405 358 216 
394 210 358 407 
379 378 407 209 
405 358 407 394 
394 393 210 407 
405 358 216 407 
378 210 407 209 
378 393 407 210 
215 216 358 407 
379 378 393 407 
407 215 210 358 
379 211 209 407 
215 211 407 209 
215 407 210 209 
379 408 384 211 
379 408 211 407 
215 211 408 407 
397 408 398 402 
211 408 397 215 
384 400 398 408 
384 398 211 408 
408 397 398 211 
400 384 379 408 
379 409 407 393 
379 409 408 407 
400 379 409 408 
410 393 394 407 
410 393 407 409 
406 411 405 216 
411 405 216 407 
412 212 221 218 
218 213 412 212 
213 217 214 413 
218 213 413 412 
213 218 413 214 
406 414 411 216 
397 214 215 415 
217 413 414 415 
216 217 415 215 
214 397 396 415 
217 415 215 214 
397 408 415 215 
215 407 408 415 
217 216 415 414 
411 414 415 216 
217 415 214 413 
214 413 415 218 
396 214 415 218 
411 216 415 407 
215 216 407 415 
218 412 413 416 
416 413 218 415 
416 218 396 415 
221 248 242 417 
412 417 218 221 
218 412 416 417 
219 417 221 218 
417 219 221 248 
218 418 396 219 
418 416 417 218 
418 219 251 396 
218 416 396 418 
219 418 417 218 
251 219 419 252 
219 419 418 251 
250 419 219 252 
417 419 418 219 
419 250 219 248 
419 417 248 219 
220 247 420 243 
248 421 242 417 
419 417 421 248 
221 242 422 417 
417 412 422 221 
417 422 421 242 
423 242 421 422 
251 425 222 401 
396 222 425 402 
401 402 425 222 
251 418 396 425 
396 251 425 222 
425 426 401 251 
237 426 251 223 
223 251 401 426 
235 401 426 223 
237 426 252 251 
237 235 426 223 
226 401 403 427 
401 226 235 427 
235 426 401 427 
240 227 231 428 
226 232 428 225 
228 395 428 224 
232 225 227 428 
228 225 428 227 
232 233 428 227 
226 427 428 235 
224 395 428 403 
226 403 428 427 
233 227 240 428 
226 232 235 428 
226 403 224 428 
228 225 224 428 
225 226 224 428 
230 231 227 429 
389 429 390 230 
231 230 390 429 
230 229 429 228 
228 230 227 429 
230 389 429 229 
391 389 229 429 
391 228 429 229 
228 391 429 395 
429 428 231 227 
228 428 429 227 
228 428 395 429 
231 430 429 390 
430 240 231 428 
430 429 428 231 
235 232 234 431 
237 235 234 431 
238 234 239 431 
427 235 431 428 
234 241 239 431 
234 233 241 431 
232 233 431 428 
427 426 431 235 
241 233 240 431 
233 234 232 431 
237 234 238 431 
235 232 431 428 
237 235 431 426 
233 431 428 240 
236 249 250 432 
236 238 432 250 
432 238 236 244 
236 249 432 244 
252 238 250 432 
238 432 252 433 
237 426 433 252 
252 237 238 433 
433 237 238 431 
237 426 431 433 
239 244 238 434 
433 238 434 431 
432 238 434 433 
432 238 244 434 
241 434 239 431 
238 239 434 431 
240 430 435 428 
431 435 428 240 
431 241 434 435 
241 431 240 435 
424 243 420 436 
423 242 243 436 
423 421 242 436 
245 243 242 436 
424 243 436 423 
245 243 436 247 
248 245 242 436 
421 248 242 436 
243 247 420 436 
245 249 437 248 
437 245 248 436 
421 436 437 248 
437 245 436 247 
244 249 438 246 
432 244 438 434 
432 244 249 438 
246 249 439 245 
437 245 439 249 
439 246 438 249 
439 245 247 246 
439 245 437 247 
439 437 249 438 
440 247 436 420 
247 440 437 439 
440 247 437 436 
249 250 432 441 
248 419 441 421 
432 252 433 441 
250 249 248 441 
250 252 441 419 
252 250 441 432 
250 419 441 248 
432 249 441 438 
249 437 441 438 
249 437 248 441 
248 421 441 437 
251 442 418 425 
251 419 442 252 
442 419 251 418 
419 442 252 441 
426 251 443 252 
251 442 443 252 
443 442 441 252 
433 426 443 252 
442 251 443 425 
252 443 433 441 
426 425 443 251 
444 273 267 257 
444 273 274 267 
336 327 445 334 
445 260 327 336 
260 445 337 336 
327 260 445 263 
256 446 323 331 
256 446 331 338 
256 446 338 337 
447 446 337 338 
289 258 448 254 
255 253 448 262 
289 448 255 254 
255 323 448 289 
264 448 258 253 
255 448 256 262 
264 253 262 448 
255 323 256 448 
258 448 254 253 
448 255 254 253 
258 448 264 449 
258 265 449 264 
267 444 257 449 
258 257 449 267 
258 265 267 449 
289 450 323 448 
450 289 323 322 
256 446 451 323 
323 451 256 448 
447 446 451 337 
256 446 337 451 
450 323 448 451 
262 260 452 256 
452 448 262 256 
264 452 448 262 
451 452 256 448 
451 337 256 452 
262 260 263 452 
337 260 256 452 
264 453 449 448 
264 452 453 448 
259 273 346 454 
289 290 454 259 
289 258 454 448 
259 346 290 454 
289 450 448 454 
454 257 444 449 
273 444 454 257 
258 449 454 448 
257 454 259 289 
257 258 454 289 
257 259 454 273 
345 273 454 346 
258 257 454 449 
337 455 260 452 
455 337 451 452 
337 447 455 451 
337 445 260 455 
337 455 447 445 
327 263 445 456 
263 327 325 456 
455 457 456 445 
263 260 445 457 
263 456 457 445 
455 452 457 260 
263 457 452 260 
455 445 260 457 
458 320 325 266 
263 458 325 266 
458 456 263 325 
267 459 444 449 
265 449 264 459 
267 261 459 265 
449 453 264 459 
459 265 449 267 
265 261 459 268 
267 261 276 459 
261 276 459 268 
452 264 460 262 
458 263 456 460 
457 460 263 452 
457 452 453 460 
457 460 456 263 
453 452 264 460 
263 460 262 452 
266 264 262 460 
271 266 460 264 
263 266 262 460 
460 263 266 458 
453 461 264 459 
453 264 461 460 
271 264 461 265 
271 461 268 265 
265 461 459 264 
459 265 268 461 
271 461 264 460 
462 276 314 315 
462 268 276 315 
462 459 276 268 
459 461 268 462 
277 280 274 463 
444 463 267 274 
277 463 274 267 
266 464 271 460 
266 271 464 272 
464 461 271 460 
272 266 320 464 
464 460 266 458 
458 464 320 266 
465 267 276 459 
277 267 276 465 
465 463 277 267 
465 459 276 462 
465 267 444 463 
267 465 444 459 
270 315 268 466 
315 270 313 466 
269 466 319 270 
269 268 466 270 
319 466 313 270 
462 268 315 466 
272 269 268 466 
272 269 466 319 
272 464 320 466 
272 464 466 271 
272 320 319 466 
464 271 461 466 
272 271 466 268 
271 461 466 268 
461 462 466 268 
275 467 274 282 
467 348 352 275 
274 282 467 280 
352 344 467 275 
467 348 275 274 
444 273 454 468 
273 468 345 454 
273 348 468 274 
345 273 348 468 
444 273 468 274 
463 469 280 274 
274 280 467 469 
467 348 274 470 
470 469 463 274 
470 444 468 274 
470 274 467 469 
470 468 348 274 
470 463 444 274 
344 471 275 340 
275 282 281 471 
275 467 282 471 
275 471 281 340 
293 340 281 471 
471 344 275 467 
279 276 314 472 
279 314 318 472 
276 462 314 472 
465 462 276 472 
280 463 277 472 
463 469 472 280 
277 279 472 276 
280 277 279 472 
277 465 276 472 
463 465 277 472 
278 291 295 473 
473 278 291 318 
473 278 318 279 
279 473 472 318 
278 281 279 473 
292 278 473 281 
292 278 295 473 
282 280 279 473 
280 279 473 472 
282 281 473 279 
280 474 472 473 
282 280 473 474 
282 474 467 280 
471 474 467 282 
474 469 467 280 
280 469 472 474 
475 282 471 281 
475 282 473 474 
471 475 474 282 
282 281 475 473 
292 475 281 473 
475 293 281 471 
293 475 281 292 
476 293 471 340 
293 476 354 340 
344 471 340 476 
476 475 471 293 
293 477 476 475 
293 298 477 292 
475 477 473 292 
293 477 475 292 
478 362 297 355 
372 362 297 478 
355 478 353 297 
377 376 361 479 
404 357 376 479 
357 376 479 361 
404 381 479 376 
476 344 480 340 
480 476 340 354 
350 344 340 480 
481 480 354 476 
293 477 481 476 
293 481 354 476 
330 334 283 482 
483 284 288 287 
483 287 333 284 
333 287 483 484 
484 333 287 286 
332 484 286 335 
484 335 333 286 
332 335 338 484 
485 283 284 333 
283 333 485 334 
284 483 485 333 
283 485 482 334 
486 284 288 483 
284 486 485 483 
286 487 287 484 
286 332 487 484 
287 487 483 484 
332 285 488 331 
332 286 488 285 
286 332 488 487 
287 489 483 487 
489 483 288 287 
288 489 490 483 
288 486 483 490 
491 290 346 454 
289 454 290 491 
450 454 289 491 
322 290 491 289 
345 346 454 491 
454 468 345 491 
450 322 491 289 
322 290 324 492 
492 290 346 491 
346 491 345 492 
322 492 491 290 
493 491 492 345 
493 345 468 491 
494 348 345 349 
345 494 468 348 
493 345 494 468 
494 347 349 345 
470 495 469 467 
467 495 469 474 
467 495 348 470 
470 495 348 468 
495 496 348 468 
496 494 348 468 
493 496 468 494 
497 496 495 468 
497 468 493 496 
450 498 454 491 
491 498 454 499 
499 491 468 454 
497 468 499 493 
493 499 491 468 
492 290 324 500 
492 290 500 346 
492 501 500 324 
322 492 324 501 
492 322 491 501 
502 501 324 500 
308 371 504 370 
295 301 506 291 
301 310 506 291 
473 318 291 506 
291 309 506 318 
295 473 291 506 
309 310 291 506 
298 292 506 477 
473 292 477 506 
292 473 295 506 
292 298 506 295 
354 481 293 507 
298 353 354 507 
477 293 481 507 
298 354 293 507 
298 507 477 506 
477 298 293 507 
301 300 508 310 
301 508 506 310 
300 310 386 508 
386 300 508 294 
294 386 388 508 
300 294 374 508 
294 374 508 388 
297 373 509 299 
478 507 353 509 
373 374 509 299 
478 297 509 353 
372 373 509 297 
372 509 478 297 
510 298 506 507 
296 353 510 297 
299 297 296 510 
298 507 510 353 
510 507 509 353 
298 510 295 296 
298 353 510 296 
509 510 353 297 
509 510 297 299 
299 296 295 510 
510 298 295 506 
301 510 295 506 
299 301 510 295 
511 510 301 506 
511 508 506 301 
510 511 299 509 
511 374 299 509 
301 300 299 511 
511 299 301 510 
374 511 299 300 
301 508 300 511 
374 511 300 508 
391 302 512 385 
391 389 429 512 
386 385 512 302 
309 302 512 305 
385 391 395 512 
310 508 512 386 
512 302 389 305 
391 302 389 512 
310 386 512 302 
310 302 512 309 
513 317 306 370 
304 305 309 513 
306 513 304 303 
305 513 304 306 
309 305 512 513 
318 304 309 513 
513 316 303 317 
304 316 513 318 
513 306 317 303 
316 304 513 303 
306 514 370 308 
306 513 370 514 
306 514 308 307 
307 514 308 390 
306 305 514 307 
390 514 308 504 
308 514 370 504 
389 514 307 390 
389 514 512 305 
306 305 513 514 
514 305 513 512 
514 389 307 305 
506 309 515 318 
310 506 309 515 
318 309 515 513 
310 512 515 309 
512 309 513 515 
310 508 515 512 
508 310 515 506 
517 371 368 370 
517 371 369 368 
517 518 369 371 
519 521 523 522 
524 368 370 517 
317 525 312 311 
317 525 370 524 
317 525 311 370 
525 311 370 368 
524 368 525 370 
319 313 466 526 
313 466 526 315 
524 525 368 527 
529 312 316 317 
316 315 313 529 
313 526 529 315 
312 316 313 529 
317 316 529 513 
529 526 312 528 
317 525 524 529 
529 312 525 528 
317 529 312 525 
526 312 313 529 
462 315 530 466 
530 316 529 315 
316 530 513 318 
472 462 314 530 
315 316 314 530 
315 466 526 530 
318 314 316 530 
472 318 530 314 
316 530 529 513 
530 529 526 315 
462 315 314 530 
317 531 513 529 
513 370 514 531 
317 531 370 513 
317 531 529 524 
370 317 524 531 
529 530 531 513 
318 473 472 532 
472 318 532 530 
318 532 530 513 
532 531 530 513 
532 318 515 513 
473 318 506 532 
515 506 318 532 
319 533 526 466 
320 464 533 466 
321 320 325 533 
321 320 533 319 
320 319 466 533 
458 325 320 533 
458 320 464 533 
321 325 339 533 
458 325 533 456 
322 324 323 534 
322 324 534 501 
450 323 451 534 
498 450 534 491 
322 501 534 491 
450 498 534 451 
450 322 323 534 
322 450 491 534 
324 534 501 535 
502 324 501 535 
536 446 331 323 
536 331 535 324 
536 534 324 535 
534 536 324 323 
536 323 534 451 
446 536 451 323 
323 536 324 331 
328 327 334 537 
339 330 482 537 
328 326 537 329 
330 334 482 537 
328 329 537 330 
325 456 537 533 
327 456 445 537 
325 327 326 537 
339 537 533 325 
339 330 537 329 
327 328 326 537 
327 456 537 325 
327 445 334 537 
339 537 325 329 
328 334 330 537 
326 325 537 329 
488 332 331 538 
488 332 538 487 
536 446 538 331 
488 331 535 538 
536 331 538 535 
332 338 538 484 
446 338 538 331 
338 332 538 331 
484 332 487 538 
446 447 538 338 
334 539 482 537 
333 484 483 539 
334 539 537 445 
484 335 539 333 
336 334 445 539 
336 334 539 335 
539 482 485 334 
334 335 333 539 
333 485 539 483 
334 539 333 485 
338 540 336 337 
447 337 540 338 
336 335 539 540 
338 335 540 484 
338 540 538 484 
484 540 539 335 
445 337 336 540 
338 540 447 538 
540 336 445 539 
338 336 540 335 
337 447 540 445 
339 537 482 541 
339 537 541 533 
482 537 539 541 
350 480 340 543 
543 480 340 354 
481 480 543 354 
340 543 343 350 
364 350 343 543 
543 340 343 354 
341 544 342 343 
354 341 544 353 
544 543 343 354 
341 544 343 354 
355 544 342 341 
355 353 544 341 
342 355 545 544 
342 544 545 343 
342 366 545 355 
343 545 546 544 
343 546 364 543 
543 343 546 544 
344 352 548 350 
495 496 548 348 
467 348 495 548 
467 348 548 352 
352 548 467 344 
344 471 548 467 
344 549 350 548 
549 344 350 480 
549 480 476 344 
344 548 471 549 
344 476 549 471 
494 347 345 550 
494 493 550 345 
345 346 492 550 
492 500 550 346 
493 550 345 492 
347 345 550 346 
347 550 500 346 
550 551 347 500 
550 347 551 494 
365 347 349 551 
347 494 349 551 
550 552 551 500 
548 496 553 348 
349 494 348 553 
550 494 551 553 
352 548 350 553 
494 496 348 553 
352 548 553 348 
349 352 553 348 
494 553 349 551 
350 480 543 554 
549 554 480 350 
480 547 543 554 
549 350 548 554 
480 547 554 549 
350 554 553 548 
350 554 543 364 
364 543 546 554 
365 349 351 555 
555 553 551 349 
350 352 555 351 
349 352 351 555 
365 555 551 349 
350 555 554 364 
555 352 350 553 
555 350 554 553 
364 555 351 350 
365 364 555 351 
555 349 352 553 
354 353 556 507 
544 354 556 543 
354 544 556 353 
481 354 556 507 
354 481 556 543 
478 353 507 556 
355 478 556 353 
544 355 556 353 
355 478 362 557 
366 355 557 545 
544 355 545 557 
557 355 478 556 
355 557 362 366 
544 557 556 355 
359 363 356 559 
363 361 356 559 
359 356 392 559 
357 404 393 561 
404 558 393 561 
560 559 392 561 
404 357 479 561 
357 361 479 561 
357 561 394 356 
357 393 394 561 
361 356 559 561 
559 392 561 356 
357 361 561 356 
394 392 356 561 
372 509 562 478 
478 509 562 507 
563 479 361 561 
377 479 361 563 
377 372 563 361 
405 564 406 358 
405 358 392 564 
367 363 359 565 
559 560 392 565 
559 359 363 565 
359 559 392 565 
392 360 359 566 
392 360 566 358 
392 359 565 566 
566 392 358 564 
392 566 565 560 
363 362 361 567 
362 557 567 366 
363 362 567 367 
563 372 562 567 
563 561 361 567 
362 367 366 567 
362 478 567 557 
559 561 567 361 
372 362 567 361 
562 372 478 567 
563 372 567 361 
362 372 567 478 
363 559 567 361 
559 568 363 567 
559 568 560 565 
568 363 567 367 
367 568 363 565 
559 568 565 363 
367 568 366 567 
555 365 569 364 
555 364 569 554 
365 555 569 551 
555 553 569 551 
364 546 569 554 
568 570 366 567 
570 557 545 366 
557 570 567 366 
367 568 573 366 
570 573 568 366 
568 565 367 573 
545 570 573 571 
570 545 573 366 
574 568 573 565 
368 524 575 517 
369 516 518 575 
524 368 575 527 
517 518 575 369 
575 368 517 369 
519 516 576 520 
524 370 531 579 
579 524 370 517 
579 517 575 524 
580 370 579 531 
517 371 370 580 
579 580 517 370 
580 371 370 504 
370 580 514 531 
580 370 514 504 
517 518 371 581 
504 581 580 371 
517 371 580 581 
563 372 583 562 
377 373 583 372 
511 374 509 583 
372 373 583 509 
377 372 583 563 
511 374 583 508 
374 373 583 375 
374 388 583 508 
375 374 388 583 
377 373 375 583 
479 377 583 563 
373 374 583 509 
372 509 583 562 
381 376 584 479 
375 388 584 583 
584 383 375 376 
388 375 584 383 
584 381 383 376 
479 377 584 583 
377 375 584 583 
376 479 377 584 
376 375 584 377 
383 388 387 584 
378 383 380 585 
409 400 585 379 
380 383 384 585 
400 384 585 379 
379 378 380 585 
379 380 384 585 
584 381 585 383 
409 585 393 379 
378 393 585 379 
381 378 585 383 
381 393 585 378 
558 404 393 586 
404 381 393 586 
586 585 393 409 
393 410 586 409 
585 586 393 381 
404 558 587 586 
381 587 479 584 
381 587 584 585 
381 585 586 587 
479 587 583 584 
404 587 479 381 
404 381 586 587 
382 384 383 588 
382 387 588 383 
382 588 387 395 
383 387 588 584 
384 382 399 588 
382 588 395 399 
589 588 384 399 
588 589 383 584 
400 589 585 384 
584 585 589 383 
400 384 399 589 
589 588 383 384 
589 384 383 585 
386 385 590 512 
386 508 512 590 
385 395 590 512 
508 590 515 512 
387 588 584 590 
387 385 395 590 
387 588 590 395 
387 386 385 590 
388 584 583 590 
387 388 386 590 
388 386 590 508 
388 508 590 583 
387 388 590 584 
389 512 514 591 
389 514 390 591 
390 505 591 504 
591 514 504 580 
429 389 591 512 
430 390 505 591 
429 591 389 390 
390 591 514 504 
429 430 591 390 
592 429 591 512 
592 395 391 512 
592 391 429 512 
592 395 429 391 
592 395 428 429 
592 395 512 590 
394 392 593 405 
392 566 593 564 
394 392 561 593 
560 392 593 561 
405 593 564 392 
392 593 566 560 
410 393 594 394 
393 394 561 594 
558 393 561 594 
410 594 593 394 
558 586 393 594 
394 593 561 594 
410 393 586 594 
405 595 407 411 
405 595 564 593 
405 595 394 407 
410 594 595 593 
405 595 593 394 
394 595 593 410 
410 407 394 595 
395 592 428 596 
395 592 596 590 
588 395 596 590 
395 403 596 428 
403 427 596 428 
589 588 399 596 
399 403 596 395 
399 588 395 596 
416 396 597 415 
402 597 425 396 
402 397 597 396 
416 418 597 396 
397 396 415 597 
397 402 597 408 
397 408 597 415 
425 396 597 418 
589 399 598 596 
400 589 399 598 
585 586 598 409 
409 598 585 400 
589 400 585 598 
403 402 398 599 
400 408 599 398 
400 599 598 399 
599 408 402 398 
599 402 408 597 
399 599 598 596 
399 398 599 403 
399 599 596 403 
399 400 599 398 
400 598 599 409 
400 408 409 599 
408 599 597 409 
403 600 599 596 
402 600 597 599 
403 401 600 427 
402 600 599 403 
600 402 597 425 
403 600 596 427 
402 600 401 425 
402 403 401 600 
427 426 401 600 
425 426 600 401 
410 594 586 601 
599 409 601 597 
409 601 410 586 
409 601 598 599 
409 601 586 598 
558 586 602 587 
586 601 602 598 
586 602 601 594 
558 586 594 602 
404 479 603 561 
558 603 561 404 
563 479 561 603 
558 603 587 602 
404 558 603 587 
404 587 603 479 
406 411 604 405 
405 411 604 595 
406 564 405 604 
414 406 411 604 
405 564 595 604 
601 409 605 597 
411 595 407 605 
411 415 605 407 
410 594 605 595 
408 415 407 605 
408 409 597 605 
409 408 407 605 
410 595 605 407 
408 415 605 597 
410 409 407 605 
410 601 605 594 
601 409 410 605 
417 606 412 416 
417 422 412 606 
417 606 421 422 
418 417 416 606 
442 425 607 418 
597 425 418 607 
597 425 607 600 
442 425 443 607 
601 608 605 594 
601 608 602 598 
608 594 601 602 
419 417 609 421 
419 442 441 609 
419 421 609 441 
609 417 606 421 
422 606 610 412 
411 415 611 605 
411 414 611 415 
411 611 604 595 
604 611 414 610 
411 595 605 611 
414 411 611 604 
611 612 605 415 
612 606 412 610 
612 413 610 412 
416 612 606 412 
612 413 414 610 
416 413 612 412 
416 612 413 415 
612 414 415 611 
612 611 610 414 
413 415 612 414 
612 613 605 415 
416 612 613 606 
597 415 605 613 
416 612 415 613 
613 416 418 597 
597 607 613 605 
416 613 415 597 
416 613 418 606 
613 607 597 418 
442 418 614 419 
614 418 613 606 
606 614 417 609 
419 614 609 417 
614 442 419 609 
614 613 418 607 
418 419 417 614 
418 417 606 614 
614 442 607 418 
420 440 615 436 
424 420 615 436 
436 421 437 616 
437 421 441 616 
609 421 616 441 
423 424 617 436 
424 436 615 617 
422 606 617 610 
423 422 421 617 
422 606 421 617 
421 609 616 617 
436 616 615 617 
609 421 606 617 
423 421 436 617 
436 421 616 617 
617 618 616 615 
433 426 431 620 
427 428 620 596 
431 435 620 428 
425 426 620 600 
425 443 607 620 
427 426 600 620 
426 443 425 620 
427 431 620 428 
600 427 620 596 
427 426 620 431 
600 425 607 620 
443 426 433 620 
428 429 430 621 
592 429 621 591 
592 428 621 429 
505 430 621 435 
428 435 621 430 
596 592 428 621 
505 621 430 591 
429 591 430 621 
596 428 620 621 
428 620 621 435 
434 433 431 622 
434 431 435 622 
432 433 622 441 
431 435 622 620 
433 443 622 441 
434 432 622 438 
434 432 433 622 
432 438 441 622 
433 431 622 620 
433 443 620 622 
505 623 621 582 
621 620 623 435 
505 623 435 621 
435 622 620 623 
436 616 624 615 
439 437 438 624 
436 437 624 616 
439 437 624 440 
440 436 624 615 
437 441 624 616 
438 441 622 624 
437 438 624 441 
437 440 436 624 
609 441 616 625 
614 442 609 625 
443 607 620 625 
442 441 609 625 
441 625 624 616 
443 441 625 622 
443 620 622 625 
441 625 622 624 
614 442 625 607 
443 442 625 441 
442 443 625 607 
624 622 626 625 
444 454 449 628 
470 444 628 468 
463 465 628 444 
449 459 628 453 
465 459 628 444 
444 468 454 628 
469 463 628 470 
449 628 459 444 
470 444 463 628 
455 629 447 445 
455 445 456 629 
447 540 629 538 
447 629 540 445 
445 456 629 537 
540 445 629 539 
445 629 539 537 
451 447 455 630 
447 629 455 630 
630 451 536 534 
447 629 630 538 
630 451 534 498 
446 536 538 630 
446 447 630 538 
446 451 536 630 
446 451 630 447 
450 451 448 631 
452 453 448 631 
449 631 454 448 
452 448 451 631 
449 631 453 628 
450 631 448 454 
449 631 628 454 
449 453 631 448 
450 498 631 454 
450 498 451 631 
632 452 455 451 
632 452 451 631 
451 632 630 455 
455 632 630 629 
452 455 457 632 
451 630 632 498 
452 453 632 457 
631 632 498 451 
452 632 453 631 
453 461 459 633 
453 631 633 628 
633 453 457 632 
633 453 632 631 
457 460 453 633 
453 633 460 461 
453 633 459 628 
634 468 628 454 
499 634 454 468 
498 631 454 634 
634 631 454 628 
499 634 498 454 
499 497 634 468 
455 635 632 629 
455 635 629 456 
457 635 455 456 
635 457 632 633 
635 457 455 632 
458 464 636 533 
464 466 636 533 
456 537 533 636 
457 460 633 636 
458 460 636 464 
635 457 633 636 
458 456 636 460 
457 635 456 636 
456 537 636 629 
537 533 636 541 
458 456 533 636 
457 460 636 456 
635 456 636 629 
462 637 466 530 
462 472 637 530 
633 460 637 636 
465 463 628 637 
463 469 637 472 
628 633 459 637 
464 466 637 636 
464 461 637 466 
463 469 628 637 
461 462 637 466 
459 461 462 637 
461 459 633 637 
464 461 460 637 
465 459 637 628 
460 464 637 636 
459 465 637 462 
465 462 472 637 
465 463 637 472 
633 461 637 460 
638 466 530 526 
638 529 526 530 
638 533 466 526 
526 533 542 638 
636 638 542 533 
638 636 466 533 
637 638 466 530 
638 637 466 636 
472 637 530 639 
472 530 532 639 
469 472 639 637 
469 474 639 472 
628 469 639 637 
548 549 640 471 
548 467 471 640 
495 467 640 474 
548 495 467 640 
549 476 640 471 
471 467 474 640 
634 468 641 628 
469 495 641 474 
470 495 641 469 
497 495 641 468 
469 641 639 474 
469 470 628 641 
495 640 641 474 
497 468 641 634 
641 469 639 628 
495 470 641 468 
641 474 640 639 
470 468 628 641 
642 471 474 640 
642 474 639 640 
471 476 642 475 
475 476 642 477 
471 642 474 475 
471 642 476 640 
643 473 532 472 
473 643 532 506 
515 506 532 643 
643 472 532 639 
474 473 643 472 
475 474 473 643 
475 477 643 473 
642 474 643 639 
473 477 643 506 
474 472 643 639 
477 507 643 506 
475 477 642 643 
642 475 643 474 
476 481 644 477 
480 547 549 644 
480 476 481 644 
480 476 644 549 
549 476 644 640 
642 476 640 644 
642 477 644 643 
481 477 507 644 
477 507 644 643 
476 644 642 477 
562 478 645 567 
556 478 557 645 
478 557 645 567 
481 507 645 644 
507 644 643 645 
645 556 478 507 
481 556 645 507 
645 478 562 507 
563 479 603 646 
603 587 602 646 
479 587 646 583 
563 562 583 646 
479 563 583 646 
479 587 603 646 
547 480 647 644 
481 556 543 647 
547 480 543 647 
480 481 543 647 
481 647 480 644 
481 647 644 645 
481 556 647 645 
482 539 648 541 
482 485 648 539 
489 483 487 649 
486 648 649 490 
483 486 485 649 
540 484 649 538 
486 485 649 648 
484 483 539 649 
540 484 539 649 
539 485 648 649 
483 485 539 649 
484 483 649 487 
483 486 649 490 
483 489 490 649 
484 487 649 538 
489 649 650 490 
488 487 538 650 
488 538 535 650 
487 489 649 650 
487 538 650 649 
650 649 651 490 
490 649 651 652 
652 651 490 503 
648 649 490 652 
499 491 498 653 
653 499 491 493 
497 493 653 496 
491 501 534 653 
499 497 493 653 
498 491 534 653 
491 493 492 653 
492 491 653 501 
501 492 654 653 
500 550 552 654 
500 492 550 654 
653 492 654 493 
492 501 654 500 
550 493 654 492 
501 500 502 654 
534 501 535 655 
534 498 655 630 
501 653 654 655 
655 534 653 498 
655 501 653 534 
496 495 548 656 
496 548 553 656 
640 548 495 656 
495 640 656 641 
494 550 657 553 
496 657 653 656 
657 496 553 656 
550 657 654 493 
494 550 493 657 
493 494 657 496 
493 496 657 653 
494 496 553 657 
653 493 654 657 
658 641 495 656 
656 658 653 496 
497 641 495 658 
497 658 634 641 
497 658 496 653 
496 656 658 495 
499 497 653 658 
497 496 658 495 
499 497 658 634 
499 653 659 658 
499 634 658 659 
498 659 655 630 
498 659 630 632 
498 659 631 634 
498 631 659 632 
499 659 653 498 
634 499 498 659 
659 498 655 653 
552 500 654 660 
500 654 660 502 
502 661 654 660 
502 661 535 501 
661 501 655 535 
501 661 655 654 
501 502 661 654 
502 661 662 535 
661 502 662 660 
664 651 665 503 
665 651 652 503 
666 665 652 503 
505 621 668 582 
621 591 505 668 
668 591 505 504 
668 591 504 580 
504 668 580 581 
504 582 668 581 
582 505 504 668 
508 669 515 590 
506 515 669 643 
506 508 669 515 
509 510 669 507 
511 510 506 669 
645 562 669 507 
511 508 669 506 
511 509 510 669 
506 507 643 669 
583 508 590 669 
509 562 507 669 
511 583 669 508 
583 511 669 509 
510 506 669 507 
583 646 562 669 
583 509 669 562 
507 645 643 669 
562 646 645 669 
668 591 580 670 
532 531 513 670 
515 532 513 670 
592 590 512 670 
515 512 590 670 
591 512 514 670 
512 514 670 513 
513 531 514 670 
580 531 670 514 
515 669 670 590 
515 512 670 513 
591 670 514 580 
592 512 591 670 
671 532 670 531 
671 531 670 580 
643 672 639 532 
515 669 672 670 
671 532 672 670 
515 532 670 672 
643 669 672 515 
643 532 515 672 
579 676 517 580 
581 518 675 676 
676 517 580 581 
517 518 581 676 
581 673 676 675 
677 520 516 518 
516 576 677 575 
677 518 516 575 
677 520 576 516 
517 518 676 677 
517 518 677 575 
678 517 676 677 
678 517 677 575 
579 517 676 678 
678 517 575 579 
677 681 518 676 
681 675 520 518 
677 681 520 518 
681 675 518 676 
677 678 681 676 
681 677 520 682 
521 519 523 682 
520 519 682 576 
521 520 519 682 
520 677 576 682 
523 576 682 519 
682 681 683 520 
521 682 683 520 
681 520 675 683 
521 523 522 685 
684 521 522 685 
521 682 523 685 
684 521 685 683 
521 682 685 683 
686 523 685 522 
577 523 576 689 
682 523 685 689 
523 682 576 689 
577 523 689 686 
686 685 523 689 
577 691 686 689 
577 691 689 690 
531 671 692 580 
524 692 579 531 
579 692 580 531 
693 524 692 579 
524 693 575 579 
524 527 575 693 
527 693 578 575 
678 579 575 693 
527 695 578 693 
527 524 525 696 
531 524 696 529 
527 696 695 693 
528 527 525 696 
692 524 696 531 
693 692 524 696 
528 529 696 525 
693 527 696 524 
525 524 529 696 
528 529 526 697 
528 697 696 529 
638 697 636 542 
638 526 529 697 
697 526 528 542 
638 697 542 526 
698 696 695 527 
696 698 528 527 
528 696 697 698 
697 542 528 698 
699 697 529 696 
532 531 671 699 
532 672 699 671 
699 529 531 696 
531 671 699 692 
692 699 531 696 
637 530 639 699 
532 672 639 699 
530 637 638 699 
530 532 639 699 
532 699 530 531 
529 699 531 530 
697 638 699 529 
530 529 699 638 
700 636 542 533 
700 542 636 697 
700 541 533 542 
636 700 541 533 
700 701 697 636 
697 542 698 701 
700 701 542 697 
650 662 663 702 
534 655 702 630 
538 536 535 702 
535 650 702 662 
538 649 702 650 
661 655 702 535 
538 536 702 630 
538 535 650 702 
536 534 535 702 
538 630 702 629 
536 630 534 702 
534 655 535 702 
661 535 702 662 
700 541 703 636 
539 649 648 703 
540 538 649 703 
629 539 537 703 
538 649 703 702 
538 629 702 703 
540 629 538 703 
629 537 636 703 
540 629 703 539 
537 541 636 703 
537 539 541 703 
539 703 648 541 
539 540 649 703 
541 703 648 704 
541 700 703 704 
700 541 542 704 
542 706 698 701 
700 542 706 704 
700 542 701 706 
545 546 544 709 
543 546 554 709 
571 545 570 709 
544 556 557 709 
544 543 556 709 
546 554 709 569 
543 647 556 709 
547 543 554 709 
572 571 709 546 
571 546 545 709 
544 557 545 709 
570 557 709 545 
547 543 709 647 
572 546 709 569 
543 544 546 709 
547 549 710 554 
549 644 710 640 
547 647 710 644 
547 647 709 710 
547 554 710 709 
547 549 644 710 
656 548 553 711 
553 548 554 711 
549 640 710 711 
657 656 553 711 
549 548 711 554 
640 656 711 548 
548 640 549 711 
549 554 711 710 
553 551 712 569 
657 550 654 712 
550 551 712 553 
657 553 550 712 
552 627 713 551 
712 551 550 713 
552 627 660 713 
552 550 713 654 
712 713 550 654 
627 713 551 569 
552 660 654 713 
712 713 569 551 
552 551 713 550 
714 712 569 553 
554 714 710 709 
714 554 711 553 
555 553 714 569 
553 657 711 714 
555 554 714 553 
712 711 657 714 
554 555 714 569 
712 553 714 657 
714 554 710 711 
554 714 709 569 
557 570 715 567 
647 710 715 709 
557 715 645 567 
556 557 715 645 
645 647 715 556 
647 556 709 715 
562 645 646 715 
570 557 715 709 
557 556 715 709 
562 645 715 567 
560 561 593 716 
558 561 716 594 
716 593 594 561 
603 558 561 716 
594 602 608 716 
558 603 602 716 
558 602 594 716 
560 717 716 593 
560 717 566 565 
568 565 574 717 
560 568 717 565 
560 593 566 717 
568 567 559 718 
559 567 561 718 
717 560 716 718 
559 560 568 718 
560 559 561 718 
560 561 716 718 
717 718 568 560 
646 719 562 715 
603 563 719 561 
567 719 715 562 
718 719 567 561 
719 718 716 561 
563 567 562 719 
603 719 716 561 
563 719 561 567 
603 719 563 646 
563 646 719 562 
567 718 715 719 
717 720 593 566 
717 574 720 565 
717 720 566 565 
564 604 721 595 
564 593 595 721 
564 566 593 721 
566 593 721 720 
722 720 565 566 
722 720 566 721 
722 574 565 720 
568 574 723 717 
573 570 568 723 
570 567 723 715 
718 568 567 723 
574 568 723 573 
717 720 574 723 
570 715 723 709 
718 717 568 723 
568 567 723 570 
718 567 715 723 
627 713 569 724 
569 714 709 724 
713 712 569 724 
714 569 712 724 
572 569 709 724 
571 572 709 725 
573 571 570 725 
573 570 723 725 
572 725 724 709 
571 709 570 725 
570 725 709 723 
726 573 723 725 
722 574 720 726 
574 726 723 720 
574 726 573 723 
727 578 577 690 
727 578 576 577 
682 689 727 576 
578 727 576 575 
577 689 576 727 
577 689 727 690 
576 677 575 727 
678 677 727 575 
677 576 682 727 
578 727 575 693 
678 693 575 727 
678 728 693 727 
693 579 692 728 
728 579 676 678 
728 678 693 579 
729 728 727 693 
729 693 578 695 
693 728 692 729 
729 727 578 693 
727 578 690 730 
694 730 690 578 
694 695 730 578 
729 730 695 578 
729 727 730 578 
580 579 731 692 
580 579 676 731 
676 579 728 731 
731 668 580 670 
671 731 692 580 
671 731 580 670 
579 692 728 731 
671 732 692 731 
671 692 732 699 
732 692 731 728 
692 728 732 729 
673 582 581 733 
733 668 581 580 
582 667 733 673 
676 733 581 580 
582 733 668 581 
733 581 673 676 
731 676 580 733 
731 668 733 580 
673 733 734 667 
674 673 734 667 
667 582 735 623 
735 582 667 733 
668 735 582 621 
735 733 667 734 
623 621 582 735 
735 733 668 582 
590 737 669 670 
586 602 587 737 
588 590 596 737 
589 598 585 737 
583 646 669 737 
583 590 737 669 
589 598 737 596 
589 588 596 737 
584 587 583 737 
588 590 737 584 
589 588 737 584 
585 589 737 584 
585 584 737 587 
585 598 586 737 
585 586 587 737 
584 590 737 583 
586 598 602 737 
598 602 737 608 
587 583 737 646 
587 602 646 737 
621 592 591 738 
596 592 738 590 
621 591 668 738 
591 668 738 670 
596 738 621 620 
621 738 668 735 
592 590 670 738 
596 738 592 621 
592 591 738 670 
737 596 738 590 
737 590 738 670 
593 721 720 739 
595 721 739 604 
717 720 739 593 
593 595 721 739 
594 716 739 593 
594 593 739 595 
611 595 739 604 
716 593 717 739 
595 594 605 739 
595 605 611 739 
594 608 739 716 
608 594 739 605 
596 738 620 740 
596 737 738 740 
598 599 740 596 
598 737 596 740 
601 608 598 740 
601 605 740 597 
600 596 620 740 
599 600 740 596 
600 607 740 620 
607 620 625 740 
599 600 597 740 
597 607 605 740 
601 608 740 605 
599 601 740 597 
598 601 740 599 
597 607 740 600 
598 608 737 740 
608 740 741 737 
603 602 741 646 
603 602 716 741 
646 669 737 741 
603 719 741 716 
608 740 739 741 
603 719 646 741 
719 646 741 715 
602 608 741 737 
602 646 737 741 
602 608 716 741 
716 608 739 741 
721 604 742 739 
604 611 610 742 
611 604 739 742 
610 743 617 742 
609 616 617 743 
612 606 610 743 
611 610 742 743 
606 610 743 617 
606 609 617 743 
611 743 742 739 
611 605 743 739 
613 612 605 743 
612 611 743 610 
613 612 743 606 
613 614 606 743 
608 740 743 739 
607 625 743 740 
614 609 606 743 
609 616 743 625 
609 614 625 743 
605 608 740 743 
613 614 743 607 
611 612 743 605 
613 607 743 605 
607 605 740 743 
614 607 625 743 
605 608 743 739 
744 616 625 743 
616 625 624 744 
616 624 745 744 
615 616 746 618 
746 618 619 615 
624 616 746 615 
624 746 616 745 
617 616 618 748 
744 616 743 748 
748 616 618 746 
616 617 743 748 
746 748 616 745 
744 616 748 745 
618 617 748 749 
617 742 743 749 
617 748 749 743 
747 746 750 619 
748 750 746 618 
750 619 746 618 
751 618 619 750 
618 749 748 751 
618 750 751 748 
620 625 752 622 
621 620 752 623 
735 752 667 623 
622 625 752 626 
620 623 622 752 
620 625 740 752 
620 738 752 740 
752 621 623 735 
621 738 752 620 
621 738 735 752 
753 623 667 752 
753 626 622 752 
623 753 622 752 
626 625 754 624 
626 745 624 754 
753 626 752 754 
754 626 752 625 
754 744 745 624 
744 625 624 754 
743 625 755 740 
744 625 754 755 
740 755 752 625 
744 625 755 743 
755 754 752 625 
626 754 753 758 
626 754 758 745 
758 745 756 757 
754 758 745 756 
759 736 734 674 
674 759 667 734 
674 759 760 667 
627 713 724 762 
627 713 762 660 
700 636 763 701 
636 700 763 703 
635 632 629 763 
632 635 633 763 
659 634 658 763 
659 634 763 631 
630 629 763 702 
635 629 636 763 
631 633 628 763 
633 637 763 636 
641 639 763 628 
629 703 636 763 
632 659 630 763 
632 630 629 763 
634 628 641 763 
658 634 641 763 
631 632 763 659 
629 703 763 702 
659 655 630 763 
634 631 628 763 
633 628 763 637 
632 631 763 633 
628 637 639 763 
630 655 702 763 
635 633 763 636 
639 764 637 699 
697 699 638 764 
637 638 699 764 
638 697 764 636 
701 697 636 764 
764 639 672 699 
637 638 764 636 
637 763 636 764 
764 701 763 636 
639 637 764 763 
639 763 764 765 
643 639 672 765 
639 765 764 672 
656 711 765 640 
658 656 765 641 
640 642 765 639 
642 640 765 644 
642 643 765 639 
640 656 641 765 
641 640 765 639 
641 639 765 763 
642 644 765 643 
711 640 710 765 
658 641 765 763 
710 640 644 765 
643 672 669 766 
643 672 766 765 
715 645 646 766 
644 645 766 643 
645 715 647 766 
646 715 766 741 
644 766 765 643 
710 644 766 765 
645 669 766 643 
647 644 766 710 
646 669 741 766 
647 644 645 766 
645 646 766 669 
647 710 766 715 
649 703 767 648 
649 767 703 702 
652 705 648 767 
648 705 704 767 
649 648 767 652 
703 648 704 767 
651 649 768 652 
651 663 768 650 
649 767 768 652 
649 767 702 768 
664 768 665 651 
768 651 652 665 
651 663 664 768 
650 651 649 768 
649 650 768 702 
650 663 768 702 
769 767 652 768 
769 665 768 652 
665 666 652 769 
652 705 769 666 
769 705 652 767 
770 705 708 666 
705 770 769 666 
770 705 707 708 
653 654 655 771 
656 658 765 771 
661 655 654 771 
656 657 771 711 
657 656 771 653 
655 659 653 771 
711 656 765 771 
654 653 657 771 
655 661 702 771 
658 656 653 771 
658 765 771 763 
655 702 763 771 
661 662 702 771 
657 654 771 712 
654 660 771 713 
661 660 662 771 
713 660 771 762 
712 657 711 771 
653 659 658 771 
659 655 763 771 
659 658 771 763 
660 662 771 762 
713 712 771 654 
654 661 771 660 
771 772 762 662 
771 662 702 772 
662 663 702 773 
768 663 773 702 
768 702 773 767 
773 772 702 662 
774 663 662 773 
662 774 772 762 
774 772 773 662 
663 774 775 773 
768 773 663 776 
663 776 773 775 
664 663 775 776 
768 663 664 776 
665 768 664 776 
768 665 769 776 
777 769 770 666 
777 665 769 666 
777 769 665 776 
770 777 666 708 
752 753 779 667 
760 753 779 758 
667 760 753 779 
735 779 734 667 
735 752 779 667 
760 759 779 667 
734 779 759 667 
759 674 760 781 
759 736 781 780 
760 759 781 761 
780 781 759 761 
759 736 674 781 
736 674 781 679 
731 733 668 782 
738 670 668 782 
731 668 670 782 
735 752 782 779 
735 733 782 668 
782 735 668 738 
735 782 752 738 
783 669 672 766 
738 782 783 670 
669 783 672 670 
737 738 783 670 
783 669 766 741 
737 669 783 741 
669 783 670 737 
731 784 782 670 
671 672 784 670 
671 731 784 732 
671 731 670 784 
783 672 670 784 
783 784 670 782 
784 671 785 672 
764 699 672 785 
732 784 671 785 
732 671 699 785 
672 671 785 699 
766 765 672 786 
765 672 786 764 
785 786 672 764 
766 672 783 786 
785 672 786 784 
672 783 786 784 
734 733 673 787 
679 787 673 675 
736 679 787 674 
673 679 674 787 
734 673 674 787 
734 736 787 674 
733 673 787 676 
787 673 675 676 
788 678 676 681 
681 788 675 676 
728 676 788 678 
788 787 675 676 
681 675 789 683 
789 681 788 675 
789 687 683 675 
789 687 675 679 
789 788 787 675 
789 787 679 675 
731 733 782 790 
790 733 787 676 
788 790 787 676 
790 733 676 731 
676 790 731 728 
676 728 788 790 
734 733 787 790 
790 731 728 732 
678 727 677 791 
678 727 791 728 
681 788 678 791 
678 728 791 788 
677 681 678 791 
681 682 791 677 
791 682 727 677 
791 689 727 682 
789 687 679 792 
787 789 679 792 
792 793 679 787 
736 793 787 679 
736 780 793 781 
736 793 679 781 
792 796 687 679 
793 679 781 796 
680 796 794 781 
680 796 679 687 
680 796 781 679 
792 793 796 679 
680 796 797 794 
680 796 798 797 
680 796 687 798 
799 689 690 727 
791 727 689 799 
799 730 727 690 
683 687 800 688 
682 681 800 683 
789 681 683 800 
789 792 800 687 
789 687 800 683 
789 788 681 800 
791 788 800 681 
791 682 681 800 
801 791 800 682 
689 791 799 801 
791 689 682 801 
689 801 802 682 
684 688 683 802 
684 685 802 683 
802 682 683 685 
802 688 683 800 
682 802 683 800 
800 801 682 802 
685 682 689 802 
803 689 801 802 
803 689 686 691 
803 685 686 689 
803 685 689 802 
804 688 800 687 
802 804 688 800 
798 688 804 687 
800 792 804 687 
792 796 804 687 
798 687 804 796 
809 808 807 694 
730 810 694 690 
808 810 690 694 
730 810 809 694 
730 810 690 799 
810 809 694 808 
803 689 691 811 
799 689 811 690 
689 803 801 811 
691 690 811 689 
810 799 811 690 
689 801 799 811 
691 812 811 690 
808 690 810 812 
690 812 811 810 
808 814 812 810 
814 813 808 815 
815 814 812 808 
692 818 729 732 
696 692 699 818 
729 818 693 695 
692 732 699 818 
693 729 692 818 
696 692 818 693 
696 818 695 693 
819 730 809 694 
818 729 819 695 
805 819 807 694 
805 695 819 694 
819 809 807 694 
694 819 730 695 
730 819 729 695 
698 696 820 695 
805 820 695 698 
805 820 819 695 
820 818 819 695 
818 696 695 820 
820 805 706 698 
764 821 699 785 
701 764 821 697 
818 820 821 696 
820 698 821 696 
696 818 699 821 
697 699 821 696 
696 697 698 821 
764 697 699 821 
701 697 821 698 
820 698 706 821 
701 821 706 698 
785 732 822 699 
822 818 699 732 
785 821 699 822 
821 818 699 822 
701 764 763 823 
701 821 764 823 
703 767 704 823 
706 704 707 823 
701 821 823 706 
700 704 823 703 
700 703 823 763 
701 700 823 763 
704 700 823 706 
701 700 706 823 
702 824 763 771 
702 703 763 824 
763 703 823 824 
767 702 824 703 
702 824 773 767 
771 824 772 702 
824 773 772 702 
767 703 824 823 
705 704 825 707 
823 825 704 707 
770 769 825 705 
767 825 705 704 
770 705 825 707 
767 769 705 825 
825 767 823 704 
825 767 824 823 
806 826 706 707 
826 706 707 823 
806 706 826 805 
820 706 805 826 
820 706 826 821 
823 826 706 821 
828 823 707 825 
828 826 707 823 
827 826 806 831 
826 806 831 707 
826 828 707 831 
770 832 708 707 
832 770 825 707 
832 707 828 831 
832 828 707 825 
827 806 807 833 
833 827 831 829 
827 833 831 806 
827 833 807 829 
833 831 806 707 
832 707 834 708 
832 707 831 834 
833 831 707 834 
770 708 836 777 
770 832 836 708 
832 836 708 834 
770 832 825 836 
766 741 837 783 
766 837 786 783 
771 772 838 762 
714 709 724 838 
714 712 838 724 
711 712 771 838 
710 765 766 838 
724 713 838 762 
709 724 838 725 
713 712 724 838 
713 762 771 838 
714 711 838 712 
715 709 838 723 
712 713 771 838 
711 765 838 771 
711 714 838 710 
710 709 838 715 
710 714 838 709 
725 709 723 838 
711 710 838 765 
710 715 838 766 
837 766 839 741 
766 837 839 838 
717 720 723 839 
723 718 839 715 
718 719 839 715 
716 741 739 839 
718 719 716 839 
715 766 741 839 
718 723 839 717 
718 717 839 716 
719 716 839 741 
715 766 839 838 
723 715 839 838 
717 720 839 739 
716 717 839 739 
719 715 741 839 
720 723 839 840 
726 720 840 723 
720 840 839 739 
722 720 721 840 
722 720 840 726 
721 840 739 742 
720 721 840 739 
723 839 841 838 
723 839 840 841 
724 762 838 841 
726 725 723 841 
724 725 841 838 
726 723 840 841 
725 723 841 838 
799 730 843 727 
791 727 799 843 
729 728 843 727 
791 843 728 727 
843 728 790 788 
843 788 791 728 
729 730 727 843 
730 799 844 810 
799 844 843 730 
736 793 845 787 
734 736 845 787 
787 845 734 790 
793 792 845 787 
759 734 846 779 
736 759 734 846 
736 759 846 780 
736 846 734 845 
847 818 732 729 
728 843 847 729 
822 847 818 732 
732 847 728 790 
843 728 847 790 
732 822 847 785 
847 728 729 732 
819 730 848 809 
730 809 810 848 
818 729 847 848 
819 818 848 729 
729 847 848 843 
822 847 848 818 
730 848 729 819 
730 848 810 844 
730 729 848 843 
844 848 843 730 
739 743 742 850 
849 840 742 851 
739 850 742 851 
840 739 851 839 
840 739 742 851 
851 849 840 842 
851 849 850 742 
839 739 852 741 
839 837 741 852 
850 851 739 852 
852 851 739 839 
790 731 853 782 
784 731 782 853 
784 732 731 853 
732 847 853 785 
853 732 790 847 
853 790 843 847 
732 784 785 853 
790 853 731 732 
790 854 733 782 
853 790 854 845 
853 854 790 782 
734 790 854 733 
734 779 854 846 
854 845 790 734 
735 782 854 779 
734 779 735 854 
735 782 733 854 
734 735 733 854 
846 734 845 854 
846 736 780 855 
846 736 855 845 
793 855 780 736 
793 736 845 855 
781 780 794 856 
780 781 761 856 
859 780 761 856 
859 856 794 780 
757 756 758 860 
856 859 861 761 
752 782 779 862 
782 783 862 738 
755 740 752 862 
740 741 737 862 
741 783 737 862 
737 740 862 738 
737 783 738 862 
782 854 779 862 
741 783 862 837 
782 738 862 752 
740 738 752 862 
739 740 743 863 
863 862 740 755 
755 740 863 743 
739 863 852 741 
739 863 743 850 
863 850 739 852 
739 741 740 863 
862 863 740 741 
741 862 863 837 
852 837 741 863 
864 748 743 749 
864 850 742 743 
749 864 778 849 
742 749 864 743 
742 749 849 864 
864 850 849 742 
744 743 864 748 
744 755 865 743 
865 850 743 863 
755 865 743 863 
864 850 743 865 
743 744 864 865 
744 754 866 755 
744 866 745 748 
755 866 744 865 
754 866 745 744 
754 866 756 745 
748 866 864 744 
865 866 744 864 
866 748 867 745 
747 750 746 867 
750 748 746 867 
747 757 867 745 
747 746 745 867 
746 745 867 748 
757 867 745 756 
866 756 745 867 
751 778 749 868 
864 748 749 868 
751 868 749 748 
749 868 778 864 
750 868 748 867 
750 868 751 748 
748 868 864 866 
748 867 868 866 
754 758 869 753 
752 754 869 753 
779 753 869 758 
755 869 752 754 
754 756 869 758 
752 779 753 869 
779 869 752 862 
755 869 862 752 
863 870 862 755 
870 755 869 862 
865 870 863 755 
863 850 852 871 
871 865 870 863 
865 871 850 863 
756 872 866 754 
872 756 869 754 
866 754 872 755 
870 869 755 872 
866 872 865 755 
869 755 872 754 
870 865 872 755 
866 756 867 872 
756 873 758 860 
761 873 860 758 
872 756 873 869 
756 873 869 758 
756 872 874 867 
756 873 874 872 
873 874 860 756 
874 756 867 757 
874 756 757 860 
846 759 875 780 
759 760 779 875 
760 761 758 875 
846 759 779 875 
760 759 761 875 
875 873 758 869 
760 875 758 779 
875 873 761 758 
780 875 761 759 
869 875 779 758 
876 873 860 761 
876 873 761 875 
761 876 859 861 
875 876 780 761 
859 780 876 761 
761 860 876 861 
774 877 772 762 
762 838 841 879 
879 762 838 772 
762 879 841 878 
879 877 878 762 
879 772 877 762 
821 764 823 880 
764 821 785 880 
786 785 880 764 
822 785 821 880 
880 881 786 764 
824 881 823 763 
881 771 763 824 
763 764 881 823 
881 765 763 771 
763 765 881 764 
765 881 764 786 
880 881 764 823 
765 786 882 881 
881 765 771 882 
838 765 766 882 
765 786 766 882 
882 766 838 837 
838 765 882 771 
837 882 766 786 
825 769 770 883 
769 777 770 883 
773 768 767 883 
773 768 883 776 
769 777 883 776 
770 777 836 883 
825 770 836 883 
768 769 883 776 
825 769 883 767 
825 824 767 883 
824 883 773 767 
769 768 883 767 
772 885 824 771 
772 879 885 838 
772 771 838 885 
772 885 773 824 
824 883 885 773 
881 771 824 885 
838 882 879 885 
838 882 885 771 
881 885 882 771 
886 879 772 877 
772 885 879 886 
773 885 886 883 
772 886 773 885 
886 774 877 772 
772 886 774 773 
877 774 886 887 
775 887 888 774 
773 775 888 774 
776 773 775 888 
886 773 888 774 
773 886 888 883 
886 888 887 774 
773 776 883 888 
889 883 836 777 
889 883 776 888 
889 883 777 776 
851 849 842 891 
892 778 893 849 
868 864 893 778 
864 778 849 893 
850 865 864 894 
850 864 849 894 
871 865 850 894 
864 894 893 849 
899 854 862 779 
870 869 899 862 
869 899 862 779 
846 875 779 899 
869 899 779 875 
846 779 854 899 
780 900 855 859 
855 780 846 900 
875 846 900 899 
780 846 900 875 
875 900 780 876 
859 900 876 780 
780 793 781 901 
855 901 793 780 
780 901 781 794 
780 855 901 859 
901 794 796 781 
793 901 796 781 
780 901 794 859 
795 857 794 902 
858 903 857 904 
795 857 902 904 
857 903 902 904 
863 852 905 871 
905 862 837 863 
905 852 863 837 
785 784 786 906 
784 906 785 853 
906 783 837 862 
837 906 786 783 
784 783 906 782 
783 782 862 906 
782 862 906 854 
854 853 906 782 
784 906 853 782 
905 837 862 906 
784 906 783 786 
785 786 907 906 
822 847 907 848 
785 786 880 907 
847 907 853 785 
822 907 847 785 
785 907 853 906 
907 785 822 880 
786 880 908 881 
837 905 908 906 
786 880 907 908 
882 786 908 881 
786 908 906 837 
786 908 907 906 
882 786 837 908 
787 792 845 909 
788 789 787 909 
788 843 791 909 
792 789 909 787 
788 787 790 909 
788 843 909 790 
788 909 791 800 
788 789 909 800 
845 787 909 790 
792 789 800 909 
800 801 909 791 
910 800 792 804 
910 909 792 800 
909 843 911 790 
853 790 845 911 
845 911 790 909 
847 853 911 843 
853 790 911 843 
843 912 791 909 
912 844 843 799 
912 801 791 909 
912 909 843 911 
843 912 799 791 
801 791 799 912 
857 902 913 794 
903 902 913 857 
857 856 794 913 
901 855 913 859 
859 856 913 794 
901 913 794 859 
900 859 913 855 
793 845 792 914 
914 845 792 909 
910 909 914 792 
914 845 909 911 
793 855 845 914 
793 915 914 792 
910 792 915 804 
855 901 915 793 
796 792 915 793 
793 855 914 915 
910 915 792 914 
796 792 804 915 
796 901 793 915 
901 913 916 794 
795 916 902 794 
795 797 916 794 
916 902 794 913 
796 901 915 916 
797 794 796 916 
901 794 916 796 
917 914 855 915 
901 855 917 913 
917 901 915 855 
918 796 915 916 
918 797 798 796 
918 797 796 916 
918 798 804 796 
918 796 804 915 
910 909 800 919 
912 909 911 919 
910 800 804 919 
800 801 919 909 
912 909 919 801 
921 919 912 920 
921 912 919 801 
921 801 811 799 
844 920 921 912 
844 912 921 799 
799 921 810 811 
844 799 921 810 
921 801 799 912 
921 922 801 919 
800 922 804 919 
800 804 922 802 
801 803 802 922 
921 922 811 801 
801 800 919 922 
801 800 922 802 
922 801 803 811 
923 922 919 804 
910 923 919 804 
918 923 915 804 
910 923 804 915 
924 813 829 807 
813 924 808 807 
813 814 808 924 
924 807 829 827 
924 829 813 925 
816 925 813 829 
816 925 829 830 
827 807 926 924 
827 807 806 926 
809 819 926 848 
827 826 926 806 
806 807 805 926 
819 926 805 807 
806 826 926 805 
809 926 819 807 
820 826 805 926 
819 805 926 820 
927 848 844 810 
809 927 810 848 
809 927 848 926 
924 928 807 926 
814 928 810 808 
924 928 808 807 
809 810 927 928 
809 926 928 927 
814 928 808 924 
809 810 928 808 
809 926 807 928 
809 928 807 808 
844 929 810 921 
921 929 810 811 
844 927 810 929 
927 810 929 928 
844 920 927 929 
920 844 921 929 
921 922 930 811 
930 921 811 929 
920 929 921 930 
931 811 812 810 
815 814 931 812 
931 814 810 812 
930 931 929 811 
931 810 929 811 
929 810 931 928 
814 928 931 810 
817 813 816 932 
814 932 931 928 
814 815 931 932 
817 815 813 932 
814 815 932 813 
814 813 932 924 
814 928 924 932 
816 813 925 932 
924 813 932 925 
817 933 932 816 
933 925 932 816 
925 816 934 830 
925 816 933 934 
817 933 816 935 
830 934 935 816 
933 935 934 816 
819 818 820 936 
819 936 926 848 
826 936 926 820 
820 821 936 818 
848 927 936 926 
822 936 818 848 
819 848 818 936 
822 936 848 907 
822 818 936 821 
820 821 826 936 
819 936 820 926 
937 936 826 821 
880 937 821 822 
828 823 937 826 
937 880 821 823 
823 826 821 937 
936 822 821 937 
907 880 822 937 
936 822 937 907 
824 825 823 938 
937 880 823 938 
824 881 885 938 
828 823 825 938 
828 937 823 938 
824 883 825 938 
938 824 883 885 
880 881 823 938 
824 938 823 881 
828 825 832 939 
883 938 939 825 
828 938 825 939 
889 939 836 883 
938 828 937 939 
883 939 836 825 
832 836 939 825 
924 940 928 926 
924 925 940 829 
827 940 924 926 
827 831 829 940 
924 827 829 940 
926 827 941 826 
828 941 826 937 
941 937 936 826 
941 926 826 936 
940 831 941 827 
926 940 941 827 
826 828 831 941 
828 937 939 941 
831 827 826 941 
942 828 939 941 
831 941 942 940 
942 828 832 939 
942 941 831 828 
942 832 836 939 
942 832 828 831 
937 880 938 943 
880 937 907 943 
880 943 907 908 
934 925 830 944 
835 829 833 944 
830 835 944 829 
833 829 831 944 
940 831 829 944 
925 830 944 829 
925 829 944 940 
831 945 833 944 
835 834 945 833 
831 945 944 940 
831 833 945 834 
831 942 945 940 
835 945 944 833 
831 942 832 945 
836 832 945 834 
831 832 834 945 
832 836 945 942 
942 946 939 836 
946 836 942 945 
946 939 836 889 
837 838 947 839 
882 947 837 838 
882 947 838 879 
905 837 947 852 
837 839 947 852 
947 882 885 879 
837 905 947 908 
882 947 908 837 
841 842 948 840 
838 841 879 948 
948 842 841 878 
839 841 838 948 
878 948 879 841 
838 948 947 839 
852 839 948 851 
842 851 948 840 
839 841 948 840 
839 840 948 851 
947 838 879 948 
948 852 947 839 
884 949 842 895 
884 949 878 842 
949 948 878 842 
891 950 895 842 
950 842 891 851 
950 949 895 842 
950 842 851 948 
949 950 948 842 
851 852 950 948 
852 905 951 947 
951 948 852 947 
951 852 948 950 
949 948 950 951 
952 891 950 895 
895 891 896 952 
844 920 912 953 
953 911 843 847 
912 844 953 843 
848 927 844 953 
847 953 907 848 
844 953 927 920 
953 848 847 843 
844 953 843 848 
912 911 843 953 
911 954 845 853 
854 845 954 853 
954 914 911 845 
955 846 854 899 
955 845 954 854 
954 845 955 914 
955 846 899 900 
845 914 855 955 
855 846 955 900 
846 955 854 845 
846 955 845 855 
847 907 956 853 
911 953 956 847 
853 911 956 847 
847 907 953 956 
956 853 907 906 
911 954 853 956 
953 957 907 848 
956 957 907 953 
936 907 957 848 
943 907 957 937 
907 936 957 937 
927 848 957 953 
848 927 957 936 
851 950 852 958 
850 958 894 849 
893 892 849 958 
851 849 891 958 
891 892 958 849 
951 950 958 852 
950 851 891 958 
894 958 893 849 
851 850 849 958 
894 850 871 958 
850 871 958 852 
851 850 958 852 
959 852 871 905 
852 951 905 959 
871 852 959 958 
951 852 958 959 
955 960 899 854 
960 854 954 853 
960 906 862 854 
960 853 956 906 
854 960 906 853 
960 955 954 854 
899 854 960 862 
960 954 956 853 
905 961 908 906 
955 954 914 962 
962 855 914 955 
962 855 955 900 
855 917 962 914 
900 855 913 962 
917 855 962 913 
858 861 856 963 
856 859 963 861 
858 856 857 963 
858 903 963 857 
856 857 963 913 
859 856 963 913 
903 963 857 913 
964 859 900 876 
964 859 963 913 
964 859 913 900 
964 859 876 861 
964 963 859 861 
876 873 965 860 
963 964 965 861 
874 873 860 965 
965 876 861 964 
965 876 860 861 
899 966 862 960 
862 863 905 966 
961 960 906 966 
959 961 905 966 
959 905 871 966 
960 906 966 862 
906 905 966 862 
961 905 966 906 
871 863 966 905 
870 862 966 863 
899 870 862 966 
871 870 966 863 
955 967 900 899 
967 955 960 899 
967 966 899 960 
955 962 900 967 
894 871 968 958 
871 968 958 959 
871 894 968 865 
870 865 968 872 
871 865 968 870 
874 872 969 867 
867 866 969 868 
868 864 866 969 
872 866 865 969 
894 968 865 969 
894 893 969 864 
865 866 864 969 
894 865 864 969 
866 872 867 969 
969 865 872 968 
868 893 864 969 
875 873 869 970 
872 970 869 873 
899 870 970 869 
875 970 899 900 
870 970 872 968 
869 899 875 970 
872 970 969 968 
870 872 970 869 
873 876 970 875 
971 966 959 871 
966 967 899 971 
971 970 870 968 
871 968 959 971 
971 871 968 870 
971 970 899 870 
971 870 966 871 
971 899 966 870 
970 873 872 972 
873 874 872 972 
873 876 972 970 
874 872 972 969 
876 873 972 965 
970 872 969 972 
874 873 965 972 
973 900 876 964 
876 973 970 875 
973 900 970 875 
973 970 972 876 
973 876 972 965 
876 973 964 965 
876 973 875 900 
949 974 878 948 
878 879 974 877 
974 878 948 879 
948 879 947 974 
974 884 949 878 
886 877 887 976 
886 888 976 887 
879 976 974 877 
886 879 877 976 
977 877 976 887 
878 977 877 974 
977 877 974 976 
897 975 890 978 
884 978 878 974 
978 975 884 897 
978 977 878 974 
978 884 975 974 
978 975 890 979 
947 905 951 980 
959 951 905 980 
905 959 980 961 
981 879 974 947 
879 981 885 947 
879 886 885 981 
981 976 974 879 
976 981 886 879 
947 981 982 980 
908 880 982 881 
885 881 882 982 
943 938 982 880 
882 908 947 982 
908 882 881 982 
882 947 885 982 
908 943 982 880 
982 981 947 885 
880 938 982 881 
885 938 881 982 
889 883 888 983 
938 983 885 883 
885 938 982 983 
983 885 883 886 
983 888 886 883 
939 938 883 983 
883 983 889 939 
983 889 939 984 
984 946 889 939 
949 884 985 895 
952 985 895 950 
884 895 897 985 
975 884 897 985 
949 950 895 985 
975 974 884 985 
949 974 985 884 
949 950 985 951 
976 886 987 888 
976 987 886 981 
981 987 886 885 
987 983 886 885 
987 886 983 888 
981 982 987 885 
983 982 885 987 
979 977 988 887 
976 987 988 888 
988 976 887 977 
988 888 887 976 
989 987 888 988 
989 983 889 888 
989 987 983 888 
983 984 989 889 
990 890 975 979 
890 991 897 986 
890 897 991 975 
990 991 975 890 
992 893 958 892 
992 891 892 958 
891 896 992 892 
950 958 891 992 
952 950 891 992 
952 896 992 891 
958 992 993 893 
894 993 958 968 
894 958 993 893 
894 893 993 969 
968 894 993 969 
975 990 994 991 
952 896 895 995 
895 985 995 897 
896 995 898 895 
898 897 895 995 
952 995 992 896 
952 985 995 895 
995 994 996 985 
898 996 897 995 
898 996 986 897 
991 996 897 986 
897 991 975 996 
995 996 897 985 
975 897 996 985 
994 975 996 985 
994 991 996 975 
952 997 995 985 
952 995 997 992 
985 997 995 994 
967 998 900 899 
973 998 970 900 
970 998 899 900 
970 971 899 998 
967 899 971 998 
998 962 967 900 
973 900 999 998 
900 962 999 998 
900 964 973 999 
900 999 962 913 
964 900 913 999 
1000 913 916 901 
1000 901 916 915 
1000 917 913 901 
917 915 901 1000 
964 963 1001 913 
913 999 1001 964 
903 1001 963 913 
1000 1002 916 913 
902 1002 913 916 
1003 903 904 902 
902 1002 1003 913 
1001 1002 913 1003 
903 902 1003 913 
903 1001 913 1003 
1004 961 905 980 
980 1004 982 947 
908 982 1004 947 
1004 961 908 905 
980 1004 947 905 
908 947 1004 905 
908 982 943 1004 
961 1005 906 960 
956 1005 960 906 
1004 961 1005 908 
1005 957 907 956 
957 943 1005 907 
1005 956 907 906 
943 907 908 1005 
961 1005 908 906 
908 1005 907 906 
1005 1004 908 943 
910 914 909 1006 
910 919 1006 909 
919 909 911 1006 
914 911 909 1006 
914 915 917 1006 
914 915 1006 910 
919 1006 923 910 
910 915 1006 923 
914 954 911 1006 
919 920 1007 912 
911 953 1007 956 
912 919 911 1007 
1007 911 954 1006 
1006 1007 911 919 
911 954 956 1007 
911 953 912 1007 
920 953 1007 912 
953 927 1008 957 
1008 920 953 1007 
953 1008 927 920 
920 929 1008 927 
999 913 1001 1009 
1009 999 913 962 
1000 913 1009 1002 
913 1009 1002 1001 
1000 1009 913 917 
917 1009 913 962 
917 1010 962 914 
1010 914 917 1006 
917 1010 1009 962 
914 962 954 1010 
914 1006 1010 954 
1006 1007 1010 954 
918 915 1011 916 
915 918 1011 923 
1000 1011 915 916 
1000 917 1011 1009 
1000 1002 1011 916 
917 1010 1011 1009 
915 923 1011 1006 
917 1000 1011 915 
1010 917 1011 1006 
915 917 1006 1011 
1012 1008 1007 920 
1012 920 1007 919 
920 1012 1008 929 
1006 1007 919 1012 
920 929 930 1012 
919 920 921 1013 
919 1012 1013 1006 
919 1013 922 923 
921 922 1013 930 
1012 920 919 1013 
1012 920 1013 930 
919 923 1006 1013 
921 919 1013 922 
920 921 1013 930 
1014 923 1013 1006 
1013 1014 1006 1012 
1006 1014 1011 1010 
1014 923 1006 1011 
1006 1007 1012 1014 
925 1015 940 944 
924 928 940 1015 
924 925 1015 940 
928 924 932 1015 
925 934 1015 944 
925 934 933 1015 
933 925 1015 932 
925 1015 932 924 
1016 940 928 1015 
941 926 936 1016 
940 926 1016 928 
940 941 1016 926 
927 926 928 1016 
926 927 936 1016 
927 936 1016 957 
1017 940 944 945 
1017 940 1015 944 
1017 940 945 942 
940 1017 1015 1016 
1018 1016 957 927 
1018 1008 927 957 
1008 1012 1019 929 
1020 1012 1013 930 
1020 1012 930 929 
1012 1020 1019 929 
929 927 928 1021 
1018 1016 927 1021 
929 1008 927 1021 
1021 1019 1008 1018 
1008 1018 927 1021 
1016 927 1021 928 
928 1015 1021 1016 
1019 1021 1008 929 
929 930 1022 931 
1021 929 1022 928 
930 929 1022 1020 
1021 928 1022 1015 
1020 1019 929 1022 
928 932 1022 1015 
932 931 928 1022 
929 1022 928 931 
1021 1022 929 1019 
1023 933 1015 932 
1023 932 1015 1022 
1022 1021 1015 1023 
934 1024 1015 944 
944 1015 1017 1024 
1025 933 935 934 
933 934 1025 1015 
934 1024 1025 1015 
933 1023 1015 1025 
1023 1024 1015 1025 
1026 1004 982 980 
943 957 1027 937 
1016 1027 1018 957 
937 936 957 1027 
941 1016 1027 940 
1016 940 1017 1027 
941 937 1027 936 
941 1027 1016 936 
1027 957 1016 936 
941 937 939 1027 
983 1028 938 982 
939 983 1028 938 
1028 983 939 984 
1028 943 938 982 
943 938 937 1028 
943 1027 1028 937 
938 939 937 1028 
1028 939 937 1027 
1029 946 942 945 
1029 1027 941 939 
1029 1028 1027 939 
1028 939 1029 984 
941 1027 1029 940 
1017 940 942 1029 
946 1029 939 984 
942 1029 941 939 
1029 942 946 939 
1029 942 1017 945 
1017 1029 1027 940 
941 942 940 1029 
943 1030 1028 1027 
943 957 1030 1027 
943 1030 982 1028 
943 957 1005 1030 
1026 1030 1028 982 
1026 1004 1030 982 
1030 943 982 1004 
1005 1030 1004 943 
1017 1031 945 944 
1017 1031 944 1024 
946 1029 1031 945 
1017 1031 1029 945 
1016 1027 1032 1018 
1032 1017 1031 1029 
1032 1029 1027 1017 
1032 1016 1017 1027 
946 1033 1029 984 
1029 946 1031 1033 
1033 984 1028 1029 
1032 1029 1031 1033 
980 1034 951 947 
949 985 974 1034 
980 947 981 1034 
981 974 1034 947 
951 948 947 1034 
948 974 947 1034 
951 1034 980 959 
949 974 948 1034 
1034 949 985 951 
949 951 1034 948 
997 952 992 1035 
950 951 958 1035 
997 985 952 1035 
1034 1035 951 985 
951 1035 950 985 
952 985 950 1035 
958 992 1035 993 
951 1035 959 958 
951 1035 1034 959 
958 950 1035 992 
952 950 992 1035 
1008 1019 1036 1018 
1018 1008 957 1036 
956 1005 957 1036 
956 957 953 1036 
1008 1036 953 957 
1036 1007 953 956 
1008 1007 953 1036 
954 955 1037 962 
967 960 955 1037 
954 960 1037 955 
1036 1037 1007 956 
1037 954 956 960 
955 967 1037 962 
1037 954 1007 956 
954 1037 1010 962 
1037 954 1010 1007 
961 1005 960 1038 
961 1005 1038 1004 
1037 1038 956 1036 
1037 956 1038 960 
956 1005 1038 960 
956 1005 1036 1038 
1039 957 1036 1018 
1039 957 1027 1030 
957 1030 1039 1005 
957 1039 1036 1005 
1039 957 1018 1027 
961 1004 1038 1040 
1004 961 980 1040 
1040 961 959 966 
1040 961 980 959 
980 959 1034 1040 
959 1035 1034 1040 
1041 959 958 968 
959 1040 966 1041 
993 968 1041 958 
968 1041 959 971 
1035 1041 958 993 
1041 959 1040 1035 
966 959 1041 971 
1041 1035 958 959 
1042 1040 961 1038 
1040 1042 961 966 
967 1037 1042 960 
1038 961 1042 960 
966 961 960 1042 
1037 1038 1042 960 
966 967 1042 960 
1009 962 1043 999 
1043 967 998 962 
1043 962 998 999 
1043 962 1010 1037 
967 1037 1043 1042 
962 1043 1010 1009 
1043 967 962 1037 
973 972 1044 965 
964 963 965 1044 
1044 964 999 973 
973 1044 998 999 
963 964 1001 1044 
973 964 965 1044 
999 1044 1001 964 
971 1045 1041 966 
1042 1040 1045 966 
1045 1040 1041 966 
966 971 1045 967 
968 971 1045 1041 
998 967 1043 1045 
1042 967 1045 1043 
998 971 967 1045 
966 1042 967 1045 
968 971 1046 1045 
968 993 1041 1046 
968 1041 1045 1046 
968 1046 969 993 
971 968 1046 970 
972 1046 969 970 
968 1046 970 969 
972 973 1044 1047 
972 973 1047 970 
972 1047 1046 970 
971 1046 1047 970 
998 970 971 1047 
998 973 970 1047 
1046 1045 971 1047 
1045 998 971 1047 
973 998 1044 1047 
998 1048 1045 1043 
1047 998 1044 1048 
998 1047 1045 1048 
1004 1049 1040 980 
1049 1040 1038 1004 
1026 1004 980 1049 
977 978 979 1050 
976 981 974 1050 
974 981 1034 1050 
976 987 1050 988 
988 979 1050 977 
990 988 979 1050 
974 978 977 1050 
976 974 977 1050 
975 978 1050 979 
976 988 1050 977 
976 981 1050 987 
975 990 1050 994 
990 975 1050 979 
975 974 1050 978 
975 994 1050 985 
975 974 985 1050 
1034 974 1050 985 
980 1051 1040 1034 
980 1049 1040 1051 
1026 1051 1049 980 
1052 981 1050 1034 
1051 1026 1052 980 
1052 981 987 1050 
981 1052 987 982 
980 1052 1034 981 
1051 980 1052 1034 
1052 1051 1034 1050 
1052 981 980 982 
1026 980 982 1052 
987 989 983 1053 
1028 982 983 1053 
1026 982 1028 1053 
1026 1030 1053 1028 
1026 1053 1052 982 
1052 1053 987 982 
987 983 982 1053 
1053 1052 1051 1026 
984 1028 983 1054 
984 1033 1028 1054 
1028 1053 983 1054 
984 989 1054 983 
989 1054 983 1053 
994 1055 1050 985 
1034 985 1055 1035 
1034 1055 985 1050 
997 1035 1055 985 
985 994 1055 997 
1055 1051 1050 1034 
991 1056 994 996 
1056 991 986 996 
1057 1055 1050 994 
1055 1057 1050 1051 
994 1057 990 1050 
1050 1058 1057 990 
987 989 1058 988 
1054 1053 989 1058 
1050 987 1058 988 
1050 988 1058 990 
987 989 1053 1058 
1052 1050 987 1058 
1052 1053 1058 987 
991 1059 994 1056 
991 1059 990 994 
1059 1057 1058 990 
994 1059 990 1057 
1060 993 1046 1041 
1060 1041 1046 1045 
1035 1041 993 1061 
997 1061 992 995 
1060 993 1041 1061 
1061 1035 992 993 
997 1035 992 1061 
1055 1057 1062 994 
997 1062 1055 1035 
997 1035 1061 1062 
1062 1055 994 997 
1059 994 1056 1063 
994 1059 1057 1063 
997 1063 995 994 
996 1063 1056 994 
996 1063 994 995 
997 995 1063 1061 
1062 997 994 1063 
997 1062 1061 1063 
994 1062 1063 1057 
999 1064 1044 998 
1048 1064 998 1044 
1064 999 1043 998 
1048 1043 998 1064 
1064 999 1009 1043 
1064 1009 999 1065 
1009 1065 1002 1001 
999 1009 1001 1065 
1064 1065 999 1066 
1066 999 1001 1065 
999 1066 1001 1044 
999 1064 1066 1044 
1065 1067 1009 1002 
1000 1002 1067 1011 
1000 1009 1067 1002 
1000 1009 1011 1067 
1067 1065 1068 1002 
1066 1068 1065 1001 
1003 1068 1001 1002 
1068 1002 1065 1001 
1069 1030 1005 1039 
1038 1069 1005 1036 
1030 1026 1069 1004 
1039 1069 1036 1005 
1030 1005 1004 1069 
1049 1026 1004 1069 
1049 1069 1004 1038 
1005 1038 1004 1069 
1065 1064 1009 1070 
1064 1009 1070 1043 
1010 1009 1043 1070 
1048 1064 1070 1043 
1007 1071 1010 1037 
1007 1036 1071 1037 
1007 1012 1014 1071 
1010 1070 1043 1071 
1010 1043 1037 1071 
1007 1036 1008 1071 
1007 1006 1010 1071 
1006 1007 1014 1071 
1006 1010 1071 1014 
1007 1012 1071 1008 
1008 1012 1071 1019 
1008 1036 1019 1071 
1014 1072 1011 1010 
1070 1010 1009 1072 
1010 1011 1009 1072 
1065 1070 1009 1072 
1067 1011 1072 1009 
1071 1010 1070 1072 
1071 1072 1014 1010 
1065 1067 1072 1009 
1020 1012 1073 1013 
1073 1014 1071 1072 
1073 1014 1012 1071 
1013 1073 1014 1012 
1020 1012 1019 1073 
1073 1012 1019 1071 
1074 1018 1036 1019 
1039 1074 1036 1069 
1074 1039 1036 1018 
1015 1075 1023 1021 
1015 1075 1024 1023 
1018 1016 1021 1075 
1075 1016 1021 1015 
1016 1075 1018 1032 
1032 1017 1075 1031 
1032 1017 1016 1075 
1017 1031 1024 1075 
1015 1075 1017 1024 
1075 1016 1015 1017 
1032 1027 1076 1018 
1018 1075 1076 1032 
1039 1018 1076 1027 
1039 1074 1076 1018 
1076 1018 1077 1075 
1021 1019 1018 1077 
1018 1021 1077 1075 
1077 1018 1074 1019 
1076 1074 1077 1018 
1078 1073 1019 1071 
1078 1074 1019 1077 
1074 1078 1019 1036 
1078 1071 1019 1036 
1019 1079 1077 1021 
1020 1019 1079 1073 
1019 1079 1073 1078 
1019 1079 1078 1077 
1019 1020 1079 1022 
1019 1021 1022 1079 
1077 1021 1080 1075 
1021 1022 1079 1080 
1077 1079 1080 1021 
1022 1080 1021 1023 
1080 1075 1021 1023 
1075 1024 1081 1031 
1024 1081 1082 1075 
1081 1082 1075 1080 
1023 1080 1075 1082 
1025 1082 1023 1024 
1024 1082 1023 1075 
1026 1049 1051 1083 
1069 1030 1083 1026 
1026 1053 1030 1083 
1026 1053 1083 1051 
1049 1069 1083 1026 
1030 1039 1069 1084 
1032 1084 1076 1027 
1033 1029 1028 1084 
1027 1029 1084 1028 
1032 1029 1033 1084 
1053 1083 1054 1084 
1069 1030 1084 1083 
1039 1030 1027 1084 
1033 1084 1028 1054 
1030 1028 1084 1053 
1030 1028 1027 1084 
1083 1030 1084 1053 
1053 1054 1028 1084 
1039 1084 1027 1076 
1032 1029 1084 1027 
1081 1076 1075 1085 
1032 1031 1075 1085 
1081 1031 1085 1075 
1076 1032 1075 1085 
1084 1076 1085 1032 
1032 1031 1085 1033 
1084 1033 1032 1085 
1086 1033 1084 1085 
1086 1033 1054 1084 
1086 1084 1054 1083 
1062 1055 1035 1087 
1087 1051 1034 1040 
1035 1041 1061 1087 
1049 1087 1040 1051 
1055 1051 1034 1087 
1035 1062 1087 1061 
1055 1034 1035 1087 
1087 1035 1040 1034 
1041 1087 1035 1040 
1088 1040 1049 1087 
1049 1069 1038 1088 
1088 1049 1040 1038 
1042 1088 1040 1038 
1071 1078 1089 1036 
1038 1042 1089 1037 
1038 1088 1069 1089 
1070 1071 1089 1043 
1074 1036 1089 1078 
1036 1071 1037 1089 
1037 1043 1042 1089 
1038 1036 1037 1089 
1037 1043 1089 1071 
1088 1038 1042 1089 
1038 1089 1069 1036 
1074 1036 1069 1089 
1076 1084 1085 1090 
1083 1069 1090 1084 
1039 1074 1069 1090 
1039 1090 1069 1084 
1076 1090 1039 1084 
1076 1090 1074 1039 
1076 1074 1090 1077 
1091 1045 1041 1060 
1042 1088 1091 1040 
1087 1091 1041 1061 
1060 1041 1091 1061 
1045 1042 1091 1040 
1087 1040 1091 1088 
1045 1091 1041 1040 
1087 1091 1040 1041 
1042 1092 1043 1045 
1088 1092 1042 1091 
1048 1092 1045 1043 
1088 1092 1089 1042 
1092 1042 1043 1089 
1045 1091 1042 1092 
1048 1093 1043 1070 
1048 1064 1093 1070 
1048 1093 1092 1043 
1093 1070 1089 1043 
1093 1092 1043 1089 
1064 1066 1044 1094 
1094 1047 1044 1048 
1064 1048 1094 1044 
1048 1064 1094 1093 
1048 1093 1094 1092 
1047 1095 1045 1048 
1095 1047 1045 1046 
1094 1048 1092 1095 
1091 1045 1095 1092 
1094 1047 1048 1095 
1092 1045 1095 1048 
1060 1095 1045 1046 
1091 1095 1045 1060 
1096 1049 1083 1051 
1049 1088 1087 1096 
1049 1096 1087 1051 
1051 1055 1096 1087 
1096 1097 1083 1049 
1083 1069 1097 1090 
1049 1097 1069 1088 
1097 1088 1089 1069 
1083 1069 1049 1097 
1049 1097 1088 1096 
1053 1098 1083 1051 
1057 1058 1050 1098 
1051 1098 1096 1055 
1096 1098 1051 1083 
1055 1057 1051 1098 
1053 1052 1058 1098 
1051 1052 1053 1098 
1052 1058 1098 1050 
1057 1098 1050 1051 
1052 1051 1050 1098 
1098 1096 1099 1083 
1054 1053 1058 1099 
1053 1099 1054 1083 
1098 1053 1083 1099 
1086 1099 1083 1054 
1098 1053 1099 1058 
1062 1055 1087 1100 
1098 1100 1096 1055 
1100 1096 1055 1087 
1055 1062 1057 1100 
1057 1055 1100 1098 
1059 1101 1057 1063 
1056 1101 1059 1063 
1062 1063 1057 1101 
1100 1062 1057 1101 
1098 1102 1058 1099 
1059 1102 1057 1101 
1100 1102 1101 1057 
1098 1100 1057 1102 
1057 1059 1058 1102 
1098 1057 1058 1102 
1091 1060 1103 1095 
1091 1103 1061 1087 
1060 1103 1061 1091 
1061 1062 1087 1103 
1104 1096 1100 1087 
1104 1087 1062 1103 
1100 1104 1087 1062 
1100 1105 1062 1101 
1063 1105 1101 1062 
1105 1062 1061 1103 
1100 1105 1104 1062 
1062 1105 1061 1063 
1105 1104 1062 1103 
1065 1064 1070 1106 
1066 1064 1106 1094 
1094 1093 1064 1106 
1066 1064 1065 1106 
1093 1070 1064 1106 
1070 1065 1107 1072 
1067 1065 1072 1107 
1070 1065 1106 1107 
1108 1107 1070 1106 
1093 1108 1070 1106 
1093 1070 1108 1089 
1066 1065 1068 1109 
1067 1065 1109 1068 
1067 1065 1107 1109 
1066 1109 1106 1065 
1109 1107 1106 1065 
1090 1097 1110 1069 
1089 1097 1069 1110 
1090 1074 1069 1110 
1089 1110 1069 1074 
1110 1078 1074 1089 
1110 1089 1111 1078 
1108 1107 1111 1070 
1107 1070 1072 1111 
1070 1071 1072 1111 
1078 1071 1089 1111 
1071 1089 1111 1070 
1108 1111 1089 1070 
1078 1071 1112 1073 
1072 1073 1112 1071 
1078 1079 1073 1112 
1112 1107 1072 1111 
1112 1111 1072 1071 
1078 1112 1071 1111 
1111 1112 1113 1078 
1110 1113 1078 1111 
1110 1078 1113 1074 
1110 1090 1074 1113 
1090 1074 1113 1077 
1078 1074 1077 1113 
1081 1114 1080 1075 
1114 1076 1081 1085 
1077 1114 1075 1080 
1076 1114 1077 1090 
1114 1076 1075 1081 
1114 1113 1077 1090 
1076 1090 1085 1114 
1077 1076 1075 1114 
1077 1079 1115 1080 
1077 1079 1078 1115 
1112 1113 1078 1115 
1112 1079 1115 1078 
1077 1113 1115 1078 
1114 1077 1113 1115 
1077 1114 1080 1115 
1114 1113 1090 1116 
1114 1116 1090 1085 
1116 1114 1081 1085 
1082 1117 1080 1081 
1114 1116 1081 1117 
1117 1114 1080 1081 
1115 1117 1114 1080 
1118 1083 1097 1090 
1083 1118 1096 1099 
1083 1084 1118 1086 
1083 1090 1118 1084 
1083 1099 1086 1118 
1097 1083 1118 1096 
1086 1085 1084 1119 
1118 1090 1119 1084 
1113 1090 1116 1119 
1085 1119 1116 1090 
1086 1119 1084 1118 
1119 1118 1086 1099 
1118 1090 1113 1119 
1084 1085 1090 1119 
1087 1091 1120 1088 
1104 1120 1087 1103 
1091 1103 1087 1120 
1092 1088 1120 1091 
1104 1096 1087 1120 
1088 1092 1120 1089 
1088 1097 1089 1120 
1088 1087 1096 1120 
1097 1088 1096 1120 
1093 1092 1089 1121 
1092 1121 1120 1089 
1121 1111 1089 1108 
1110 1111 1089 1121 
1097 1089 1120 1121 
1089 1110 1121 1097 
1121 1108 1093 1106 
1121 1093 1108 1089 
1118 1122 1113 1090 
1122 1097 1120 1121 
1110 1113 1122 1090 
1122 1110 1097 1121 
1118 1097 1122 1090 
1110 1122 1097 1090 
1095 1092 1094 1123 
1123 1120 1092 1121 
1095 1091 1092 1123 
1120 1103 1123 1091 
1093 1092 1121 1123 
1120 1092 1091 1123 
1091 1095 1103 1123 
1093 1121 1106 1123 
1093 1094 1123 1106 
1093 1092 1123 1094 
1096 1098 1099 1124 
1096 1100 1098 1124 
1096 1097 1120 1124 
1097 1120 1124 1122 
1118 1097 1124 1122 
1104 1124 1096 1120 
1104 1096 1124 1100 
1097 1096 1118 1124 
1124 1096 1118 1099 
1124 1100 1098 1125 
1102 1099 1098 1125 
1119 1118 1099 1125 
1125 1099 1098 1124 
1125 1124 1118 1099 
1102 1100 1125 1098 
1105 1100 1126 1101 
1102 1100 1101 1126 
1105 1100 1104 1126 
1104 1100 1124 1126 
1102 1126 1125 1100 
1124 1125 1126 1100 
1120 1127 1123 1103 
1104 1120 1103 1127 
1127 1104 1124 1126 
1104 1127 1124 1120 
1104 1127 1105 1126 
1104 1127 1103 1105 
1108 1111 1107 1128 
1111 1128 1112 1107 
1108 1111 1128 1121 
1108 1121 1128 1129 
1129 1121 1123 1106 
1108 1121 1129 1106 
1130 1109 1107 1106 
1108 1107 1130 1128 
1128 1130 1108 1129 
1108 1107 1106 1130 
1106 1130 1129 1108 
1131 1129 1128 1121 
1122 1113 1110 1131 
1122 1121 1131 1110 
1111 1131 1128 1121 
1111 1121 1110 1131 
1110 1113 1111 1131 
1122 1113 1132 1118 
1131 1113 1132 1122 
1119 1118 1132 1113 
1132 1116 1119 1113 
1133 1115 1113 1112 
1111 1112 1133 1113 
1111 1128 1133 1112 
1128 1131 1111 1133 
1131 1113 1111 1133 
1131 1113 1133 1132 
1132 1116 1113 1134 
1133 1115 1134 1113 
1133 1132 1113 1134 
1115 1117 1134 1114 
1116 1114 1134 1117 
1115 1114 1134 1113 
1116 1114 1113 1134 
1131 1135 1122 1132 
1122 1135 1118 1132 
1119 1118 1125 1135 
1119 1135 1132 1118 
1125 1124 1135 1118 
1118 1122 1124 1135 
1122 1131 1121 1136 
1124 1120 1136 1122 
1129 1131 1136 1121 
1129 1123 1121 1136 
1120 1127 1136 1123 
1123 1120 1121 1136 
1122 1121 1120 1136 
1127 1124 1120 1136 
1131 1122 1135 1136 
1135 1122 1124 1136 
1127 1137 1124 1136 
1125 1124 1126 1137 
1127 1137 1126 1124 
1125 1124 1137 1135 
1137 1135 1124 1136 
1138 1136 1131 1135 
1138 1129 1131 1136 
1139 1132 1135 1131 
1139 1131 1135 1138 
1140 1133 1131 1128 
1140 1131 1139 1138 
1141 1130 1128 1129 
1138 1129 1141 1131 
1140 1138 1141 1131 
1140 1128 1131 1141 
1128 1141 1129 1131 
1139 1132 1131 1142 
1142 1134 1132 1133 
1140 1133 1142 1131 
1140 1139 1131 1142 
1133 1142 1131 1132 
1143 1136 1138 1135 
1143 1139 1135 1138 
1143 1137 1136 1135 
1143 1139 1138 1144 
1141 1140 1144 1138 
1142 1139 1144 1140 
1139 1144 1140 1138 