3 5 0 4 
5 3 7 6 
3 0 5 7 
0 7 8 10 
0 7 10 5 
0 8 4 10 
0 5 10 4 
5 6 7 10 
1 2 16 11 
8 1 4 16 
1 2 4 16 
2 9 16 11 
9 2 16 4 
8 10 16 4 
10 9 16 4 
1 16 13 11 
8 1 16 12 
1 16 12 13 
8 10 12 16 
6 23 3 7 
24 4 9 10 
5 24 6 10 
5 24 10 4 
9 16 11 25 
6 23 31 21 
22 21 31 23 
22 20 7 31 
6 23 7 31 
6 31 24 29 
21 31 6 29 
31 7 6 10 
22 23 31 7 
6 31 10 24 
19 22 31 20 
22 19 31 21 
32 30 10 24 
30 32 29 24 
32 31 24 10 
32 31 29 24 
10 8 12 33 
31 20 7 33 
33 31 10 7 
33 32 10 31 
7 10 33 8 
7 33 34 8 
20 33 34 7 
34 33 12 8 
38 37 35 34 
9 16 25 39 
10 39 16 9 
10 24 39 9 
9 24 39 25 
10 39 24 30 
32 30 39 10 
10 40 39 32 
33 40 10 32 
40 33 10 12 
34 35 12 40 
33 34 12 40 
32 30 41 39 
41 32 39 40 
35 36 12 42 
42 35 40 12 
40 10 43 12 
40 39 43 10 
43 16 13 12 
39 10 16 43 
10 16 43 12 
42 40 43 12 
42 12 43 36 
25 26 44 11 
16 13 11 44 
16 25 44 11 
43 16 44 13 
44 13 45 43 
46 13 43 45 
46 43 13 12 
36 12 43 46 
36 48 46 43 
36 47 46 48 
42 48 36 43 
37 42 48 35 
35 42 48 36 
13 45 53 50 
46 13 45 53 
14 45 50 54 
53 45 54 50 
45 55 14 17 
45 17 44 55 
55 45 14 54 
55 45 54 53 
14 56 15 17 
55 14 17 56 
56 54 55 14 
18 57 17 15 
57 56 15 49 
57 56 17 15 
55 17 57 56 
39 16 25 58 
25 58 44 26 
58 16 25 44 
39 16 58 43 
43 58 44 16 
27 44 59 26 
18 17 57 59 
27 17 18 59 
27 17 59 44 
55 17 44 59 
55 17 59 57 
58 44 26 59 
18 27 60 28 
60 57 59 18 
27 59 18 60 
19 20 31 61 
61 33 34 20 
61 33 20 31 
41 62 32 40 
40 33 62 32 
31 63 32 29 
31 21 63 29 
19 61 31 63 
19 31 21 63 
65 21 29 63 
20 61 19 66 
66 20 61 34 
19 67 61 63 
67 61 66 19 
64 61 67 63 
68 19 21 63 
68 19 63 67 
68 65 63 21 
68 69 19 67 
69 68 19 21 
69 68 21 65 
19 69 21 22 
70 20 19 66 
19 67 70 66 
70 19 22 69 
70 19 20 22 
19 70 67 69 
21 71 23 22 
70 69 22 71 
71 21 69 22 
21 71 69 65 
39 72 58 25 
30 41 39 72 
72 73 25 39 
30 29 73 24 
30 24 73 39 
72 30 73 39 
39 24 73 25 
25 74 58 26 
58 74 59 26 
73 72 25 74 
72 58 25 74 
27 28 75 60 
75 74 26 59 
59 27 75 60 
27 59 75 26 
27 26 75 28 
76 75 28 60 
30 73 77 72 
29 30 73 77 
78 63 29 32 
78 30 77 72 
29 77 65 78 
30 32 78 29 
30 41 72 78 
63 78 29 65 
78 29 77 30 
32 30 78 41 
41 79 32 62 
41 32 79 78 
63 79 32 78 
79 33 32 62 
63 79 31 32 
33 32 31 79 
64 79 61 63 
63 61 31 79 
61 33 31 79 
80 41 78 72 
41 80 79 62 
80 79 78 41 
42 81 40 35 
62 79 33 81 
34 81 35 40 
37 81 35 34 
62 40 42 81 
62 40 81 33 
37 81 42 35 
33 81 34 40 
61 66 34 81 
61 33 79 81 
33 61 34 81 
64 61 79 81 
82 42 48 37 
62 82 81 42 
37 81 82 42 
83 37 82 48 
37 83 82 81 
38 37 34 84 
84 66 81 34 
37 81 84 83 
81 37 84 34 
37 83 85 48 
85 36 48 47 
38 37 85 35 
37 85 35 48 
85 35 48 36 
38 37 86 85 
86 83 37 84 
38 37 84 86 
83 37 85 86 
85 87 47 48 
49 57 56 90 
60 57 90 59 
72 39 58 92 
39 92 43 58 
40 39 92 43 
62 41 92 40 
62 40 92 42 
42 40 92 43 
41 72 92 39 
41 40 39 92 
41 80 62 92 
41 80 92 72 
62 80 82 92 
82 62 92 42 
93 92 58 43 
93 42 92 43 
93 82 92 42 
82 42 93 48 
42 48 43 93 
43 58 94 44 
94 43 44 45 
45 55 44 94 
47 52 46 94 
55 59 44 94 
52 46 94 53 
46 94 53 45 
55 94 45 53 
43 94 46 45 
58 94 44 59 
93 43 58 94 
48 43 94 46 
93 48 43 94 
48 47 46 94 
95 82 80 92 
95 93 82 92 
88 47 96 52 
47 96 52 94 
48 96 47 94 
47 87 88 96 
96 47 87 48 
48 93 97 94 
97 96 48 94 
82 48 93 98 
95 82 93 98 
97 98 48 96 
98 95 97 93 
98 97 48 93 
83 85 48 98 
96 48 87 98 
85 87 48 98 
82 98 83 48 
99 87 85 98 
83 99 85 98 
83 86 85 99 
49 100 90 56 
49 90 100 51 
101 53 54 50 
91 90 51 103 
100 103 51 90 
104 103 51 100 
89 88 106 52 
106 53 55 54 
89 52 106 53 
106 94 55 53 
52 106 53 94 
96 97 106 94 
88 52 96 106 
96 106 52 94 
102 107 54 101 
108 101 54 107 
107 106 54 108 
101 108 54 53 
106 53 54 108 
89 106 108 53 
102 100 54 109 
59 55 57 109 
100 56 109 90 
100 56 54 109 
55 54 56 109 
90 57 109 59 
57 90 109 56 
55 56 57 109 
109 100 90 103 
55 109 59 94 
55 106 54 109 
94 106 55 109 
106 107 54 109 
102 107 109 54 
74 110 59 75 
58 72 110 74 
110 109 94 59 
58 110 59 74 
110 58 59 94 
92 72 110 58 
92 93 58 110 
93 94 58 110 
60 111 59 90 
76 60 111 75 
60 59 111 75 
109 90 59 111 
109 59 110 111 
59 110 111 75 
64 61 112 67 
66 67 112 61 
112 61 81 66 
112 84 66 81 
64 61 81 112 
63 64 79 113 
63 113 79 78 
63 113 78 65 
68 63 65 113 
79 62 80 114 
62 114 82 80 
114 79 62 81 
81 114 82 62 
114 79 81 64 
114 112 64 81 
84 112 115 81 
115 86 84 83 
114 112 81 115 
115 84 81 83 
64 116 79 113 
116 64 79 114 
116 64 114 112 
116 112 114 115 
67 68 117 63 
117 64 67 63 
117 64 113 116 
117 64 63 113 
63 113 68 117 
117 64 112 67 
64 117 112 116 
112 66 84 118 
68 65 69 120 
77 78 120 65 
113 65 120 78 
68 65 120 113 
65 69 120 71 
68 113 120 121 
68 67 121 69 
68 69 121 120 
67 69 70 121 
117 67 112 121 
67 121 117 68 
67 112 121 66 
67 70 66 121 
117 121 113 68 
118 112 66 121 
118 66 70 121 
69 71 70 122 
69 70 121 122 
69 121 120 122 
69 122 120 71 
121 118 122 70 
73 72 74 124 
80 72 124 92 
73 77 72 124 
72 124 110 74 
78 80 72 124 
92 72 124 110 
77 78 72 124 
76 111 119 125 
76 75 111 125 
125 110 75 111 
74 110 75 125 
124 74 125 110 
77 126 78 124 
77 78 126 120 
113 120 126 78 
126 78 124 127 
80 95 92 127 
116 79 113 127 
80 79 127 78 
114 80 127 82 
79 80 127 114 
113 78 126 127 
95 82 127 80 
116 114 79 127 
113 78 127 79 
80 127 92 124 
80 78 127 124 
114 128 82 127 
95 128 127 82 
95 82 98 128 
83 128 82 81 
114 81 82 128 
114 115 81 128 
128 83 82 98 
83 128 81 115 
128 83 98 129 
99 129 98 83 
130 86 83 99 
83 128 115 130 
86 130 83 115 
130 128 129 83 
130 99 83 129 
129 99 131 130 
86 130 115 132 
112 84 132 118 
115 84 132 112 
115 86 132 84 
130 86 133 132 
130 133 86 99 
133 99 85 86 
99 133 85 87 
99 133 131 130 
99 134 87 98 
87 96 134 88 
134 87 98 96 
135 99 134 87 
131 135 99 134 
133 99 135 87 
131 133 99 135 
136 134 88 87 
136 134 87 135 
137 96 106 88 
96 137 106 97 
96 137 134 88 
138 134 137 88 
136 134 138 88 
89 139 108 106 
89 88 139 106 
137 88 106 139 
139 138 137 88 
91 140 90 103 
91 111 140 119 
91 111 90 140 
103 109 140 90 
111 90 140 109 
140 111 125 119 
110 124 141 125 
92 141 110 124 
93 141 94 110 
93 97 94 141 
92 93 110 141 
95 93 141 97 
95 93 92 141 
127 92 124 141 
95 92 127 141 
98 95 141 97 
97 142 106 94 
141 142 94 110 
97 142 94 141 
142 106 94 109 
142 94 110 109 
137 142 106 97 
97 143 142 141 
95 128 143 127 
95 143 141 127 
98 143 97 141 
143 95 141 98 
98 95 128 143 
129 98 128 143 
144 142 137 97 
144 96 97 137 
98 97 143 144 
144 97 143 142 
97 98 96 144 
144 134 96 137 
144 134 98 96 
145 143 98 129 
145 143 144 98 
145 99 98 134 
131 145 134 99 
145 144 134 98 
129 99 98 145 
129 131 99 145 
146 145 134 131 
135 146 134 131 
147 134 137 138 
134 144 147 137 
147 148 144 134 
146 145 148 134 
145 134 144 148 
147 148 134 146 
149 104 100 103 
102 149 104 100 
149 103 100 109 
149 107 109 102 
149 102 109 100 
150 103 109 140 
150 149 109 103 
151 105 101 102 
107 102 151 101 
108 107 151 101 
152 107 109 149 
149 152 150 109 
152 107 106 109 
142 152 106 109 
137 142 152 106 
151 153 105 102 
123 151 153 105 
153 104 105 102 
107 151 102 153 
149 107 102 153 
149 104 103 153 
149 153 102 104 
149 150 153 103 
154 153 151 107 
154 153 107 149 
107 154 149 152 
155 142 152 137 
144 137 142 155 
147 148 155 144 
147 144 155 137 
157 107 108 106 
137 157 106 152 
139 157 108 106 
137 157 139 106 
157 152 107 106 
156 155 152 157 
157 155 152 137 
137 157 138 139 
158 154 151 107 
158 154 107 152 
157 158 107 152 
156 157 152 158 
159 108 107 151 
158 159 107 151 
139 159 108 157 
159 157 107 108 
158 157 107 159 
160 150 109 140 
160 140 109 111 
160 109 110 111 
160 110 125 111 
160 140 111 125 
110 160 125 141 
160 152 109 150 
141 160 142 110 
142 152 109 160 
160 110 109 142 
113 120 161 126 
117 116 113 161 
116 161 127 113 
118 112 121 161 
115 114 161 128 
114 161 128 127 
117 121 161 113 
113 121 161 120 
117 112 161 121 
113 127 126 161 
116 117 112 161 
112 116 161 115 
116 114 127 161 
116 114 161 115 
115 128 161 130 
130 128 161 129 
115 112 132 161 
115 132 130 161 
112 118 132 161 
121 161 120 162 
121 118 162 122 
161 162 118 132 
118 121 162 161 
126 120 161 163 
161 120 162 163 
164 125 119 140 
160 125 164 140 
122 120 165 121 
165 120 163 162 
121 120 165 162 
121 122 162 165 
123 166 153 151 
167 159 158 151 
126 127 124 168 
168 160 141 125 
124 168 141 125 
163 168 125 164 
126 163 168 124 
127 168 141 124 
163 124 125 168 
168 125 164 160 
143 141 127 168 
127 161 168 126 
163 126 168 161 
161 128 127 169 
129 143 128 169 
129 128 161 169 
129 130 169 161 
161 127 168 169 
169 143 127 168 
128 143 127 169 
145 129 169 143 
129 131 145 169 
129 131 169 130 
131 145 169 146 
145 146 148 169 
130 133 170 132 
131 133 170 130 
132 162 170 161 
131 130 170 169 
132 130 161 170 
169 130 170 161 
131 146 169 170 
131 135 170 133 
146 135 170 131 
148 171 146 147 
146 135 172 170 
146 172 171 170 
146 135 134 172 
172 146 147 134 
136 134 172 138 
136 135 172 134 
171 172 146 147 
147 172 134 138 
155 173 137 157 
147 155 173 137 
147 138 137 173 
138 173 157 137 
171 174 147 173 
171 172 147 174 
172 147 174 138 
173 147 138 174 
175 174 171 173 
176 138 157 139 
139 176 159 157 
176 173 157 138 
173 176 174 138 
177 150 153 149 
154 153 149 177 
178 160 164 140 
178 150 160 140 
141 179 142 160 
143 141 168 179 
143 141 179 142 
141 179 160 168 
142 179 152 160 
144 143 179 142 
144 155 142 179 
155 142 179 152 
169 143 168 179 
145 143 169 179 
145 143 179 144 
145 148 179 169 
148 145 179 144 
148 155 144 179 
148 180 179 169 
146 170 180 169 
148 146 180 169 
171 146 170 180 
171 148 146 180 
181 148 179 155 
180 148 179 181 
171 180 181 148 
181 171 175 180 
175 181 173 171 
148 171 147 181 
173 181 155 147 
148 147 155 181 
181 171 147 173 
181 182 155 179 
181 182 173 155 
152 154 149 183 
154 177 149 183 
177 183 178 150 
178 183 160 150 
183 152 160 150 
177 183 150 149 
152 183 149 150 
183 179 160 152 
155 183 152 179 
156 155 183 152 
156 182 183 155 
182 155 179 183 
184 166 151 153 
167 184 166 151 
167 184 151 158 
184 158 154 151 
184 154 153 151 
184 154 158 185 
185 158 152 154 
156 185 158 152 
185 183 177 154 
156 183 185 152 
185 183 154 152 
186 184 153 166 
154 184 153 186 
154 186 153 177 
184 154 185 186 
185 186 154 177 
156 187 185 183 
187 156 182 183 
173 155 188 157 
188 187 185 156 
188 182 187 156 
156 188 155 157 
156 188 157 158 
182 188 155 156 
156 188 158 185 
182 173 155 188 
185 189 158 184 
189 188 185 158 
187 189 188 185 
158 159 190 157 
176 190 159 157 
189 188 158 190 
176 173 190 157 
188 173 157 190 
188 190 157 158 
167 184 158 191 
191 167 159 158 
191 190 158 159 
191 189 158 190 
191 189 184 158 
178 192 164 160 
178 192 160 183 
168 192 160 164 
179 183 160 192 
179 168 192 160 
162 165 193 163 
169 161 193 168 
162 161 163 193 
168 161 193 163 
162 170 161 193 
169 170 193 161 
168 163 194 164 
194 192 168 164 
168 193 194 163 
194 163 195 164 
194 193 195 163 
165 193 163 195 
196 186 166 184 
166 197 184 167 
197 196 166 184 
198 184 197 167 
191 167 184 198 
196 197 198 184 
191 198 184 189 
179 169 199 168 
199 193 194 168 
199 169 193 168 
199 179 168 192 
194 192 199 168 
180 199 179 169 
170 169 193 199 
180 170 199 169 
181 175 200 180 
175 181 200 173 
182 188 187 200 
181 182 200 173 
182 188 200 173 
180 201 199 170 
201 199 170 193 
180 171 201 170 
171 180 201 175 
175 180 201 200 
171 172 201 170 
175 174 201 171 
171 174 201 172 
175 202 200 201 
175 174 202 201 
175 202 173 200 
200 202 173 188 
173 174 176 202 
176 202 190 173 
175 174 173 202 
202 188 190 173 
203 185 177 186 
185 203 177 183 
177 204 183 203 
177 204 178 183 
204 192 178 183 
182 205 183 179 
205 183 179 192 
204 205 192 183 
187 182 205 183 
199 205 179 192 
199 180 179 205 
182 181 205 179 
181 180 205 179 
181 200 205 180 
187 182 200 205 
182 200 205 181 
200 180 201 205 
180 199 201 205 
185 206 203 183 
206 203 183 204 
187 185 183 206 
206 205 204 183 
187 205 206 183 
198 196 184 207 
207 189 187 185 
207 206 185 187 
196 186 207 203 
207 206 203 185 
207 185 203 186 
196 186 184 207 
185 207 184 186 
207 189 185 184 
207 189 184 198 
187 208 206 205 
187 208 205 200 
206 208 187 207 
189 207 187 208 
187 200 188 208 
187 188 189 208 
202 209 190 188 
200 202 188 209 
209 200 208 188 
209 208 189 188 
190 189 188 209 
210 189 190 209 
189 210 190 191 
189 210 207 208 
210 189 198 191 
209 210 189 208 
189 210 198 207 
211 206 205 204 
211 204 205 192 
205 211 192 199 
205 212 211 199 
199 212 193 201 
213 192 199 194 
213 211 199 192 
199 213 194 193 
213 212 199 211 
212 199 193 213 
194 214 195 193 
214 213 193 194 
214 212 193 213 
196 207 215 203 
197 215 196 198 
198 215 196 207 
216 198 207 215 
216 210 207 198 
212 217 199 205 
208 217 205 200 
208 209 217 200 
200 217 205 201 
205 199 201 217 
212 217 201 199 
200 209 217 202 
200 202 217 201 
218 206 204 203 
218 211 204 206 
207 218 215 203 
206 218 207 203 
216 215 207 218 
219 216 207 218 
206 219 207 218 
206 219 208 207 
220 218 206 211 
219 220 218 206 
219 220 206 208 
220 206 205 211 
220 208 205 206 
220 205 212 211 
208 220 205 217 
217 220 205 212 
220 208 219 217 
208 219 217 221 
208 209 221 217 
219 221 208 207 
216 221 207 210 
209 221 210 208 
221 216 207 219 
221 210 208 207 
220 218 211 222 
214 212 213 222 
213 211 222 212 
220 222 211 212 
217 220 212 222 
223 219 218 216 
221 219 223 216 
223 216 218 215 
224 223 218 222 
224 220 222 218 
219 224 218 220 
219 224 223 218 
224 219 223 221 
219 220 217 224 
224 220 217 222 
219 224 217 221