0 1 16 2 
0 6 16 1 
0 6 12 17 
0 17 16 6 
5 18 9 7 
7 8 19 18 
4 8 19 7 
1 20 16 2 
3 1 2 20 
1 20 6 16 
1 4 6 20 
1 4 20 19 
1 20 3 19 
4 8 6 20 
4 19 8 20 
3 2 21 20 
21 2 16 20 
2 21 23 3 
3 24 21 23 
22 23 21 24 
3 20 21 24 
3 24 25 20 
19 20 3 25 
4 6 8 26 
13 26 8 6 
4 7 26 8 
7 13 9 26 
13 7 8 26 
26 6 27 12 
12 17 6 27 
26 27 6 13 
27 6 13 17 
14 9 28 10 
9 7 26 28 
9 5 7 28 
9 5 28 10 
29 27 12 26 
27 29 12 30 
17 30 27 12 
5 9 18 35 
14 9 10 35 
5 35 10 9 
5 34 10 35 
34 10 35 33 
5 34 35 18 
17 16 6 38 
20 38 6 16 
8 38 6 20 
6 38 13 17 
8 38 13 6 
15 39 13 9 
8 39 13 38 
9 39 13 7 
8 39 7 13 
7 9 39 18 
7 8 18 39 
9 40 35 14 
35 9 18 40 
15 9 14 40 
9 39 18 40 
15 9 40 39 
37 11 31 41 
11 37 43 41 
11 41 43 42 
39 40 45 18 
35 40 18 45 
19 8 20 46 
19 46 18 8 
8 38 46 39 
19 25 46 20 
39 45 38 46 
38 8 46 20 
46 45 18 39 
8 46 18 39 
46 47 18 45 
34 47 35 18 
47 35 18 45 
34 35 47 33 
21 16 48 20 
20 16 48 38 
13 27 49 26 
15 9 13 49 
28 14 49 9 
28 49 26 9 
13 49 9 26 
15 9 49 14 
11 50 31 41 
41 11 50 42 
14 10 51 35 
14 35 51 40 
32 33 51 10 
10 35 33 51 
42 11 53 43 
53 42 52 44 
11 42 53 50 
42 53 52 43 
55 52 44 53 
44 55 53 56 
14 28 49 57 
14 10 58 51 
31 50 58 51 
10 14 58 28 
14 57 58 28 
32 10 51 58 
32 31 58 51 
57 51 14 58 
31 50 59 58 
50 11 31 59 
11 50 53 59 
58 50 60 51 
60 59 50 58 
58 57 51 60 
27 29 30 61 
29 12 30 62 
29 61 62 30 
27 61 30 63 
27 61 63 49 
13 27 63 49 
30 27 63 17 
13 63 17 38 
27 13 63 17 
13 39 63 38 
13 15 63 39 
13 15 49 63 
14 57 64 51 
14 57 49 64 
14 40 51 64 
15 40 14 64 
15 40 64 39 
15 14 49 64 
15 39 64 63 
15 49 63 64 
30 17 63 65 
16 38 65 48 
17 38 63 65 
16 17 65 38 
34 18 66 47 
46 18 66 19 
18 46 66 47 
46 25 19 66 
22 21 48 67 
46 25 66 67 
46 45 38 67 
25 24 67 20 
46 25 67 20 
20 38 67 46 
20 24 67 21 
22 21 67 24 
21 20 48 67 
20 38 48 67 
22 48 68 67 
24 22 68 67 
23 22 68 24 
24 69 67 68 
25 24 69 67 
25 66 67 69 
27 61 71 29 
61 49 27 71 
29 61 71 62 
49 27 71 26 
27 29 71 26 
49 28 26 71 
49 28 71 57 
57 28 71 58 
61 30 63 72 
61 30 72 62 
30 63 73 65 
30 72 73 63 
32 33 75 51 
33 32 75 36 
33 75 51 35 
35 47 33 75 
31 32 76 51 
31 76 50 51 
76 75 51 32 
37 36 76 31 
37 76 41 31 
36 32 76 31 
36 32 75 76 
41 76 50 31 
36 33 77 75 
34 33 47 77 
47 34 77 66 
75 33 77 47 
78 75 35 51 
47 35 45 78 
35 40 78 51 
35 47 75 78 
40 35 78 45 
37 43 41 79 
37 76 79 41 
37 36 79 76 
36 77 79 75 
36 76 75 79 
50 80 53 59 
44 56 53 80 
42 53 80 44 
80 53 59 56 
59 50 80 60 
42 80 53 50 
50 81 51 76 
41 50 76 81 
76 82 51 75 
76 82 41 81 
78 82 75 51 
82 81 76 51 
65 83 74 48 
39 45 83 38 
38 83 63 65 
38 83 65 48 
38 67 83 48 
40 39 83 64 
38 45 83 67 
39 63 83 64 
39 38 83 63 
45 39 83 40 
40 64 84 51 
40 64 83 84 
45 40 83 84 
82 81 51 84 
78 40 84 51 
78 40 45 84 
78 82 51 84 
55 52 87 44 
87 55 86 54 
55 87 86 44 
88 86 54 87 
88 54 86 85 
88 85 86 91 
92 91 93 85 
54 86 85 93 
93 92 54 56 
54 92 93 85 
86 91 85 93 
54 55 93 56 
86 54 55 93 
86 44 93 55 
44 56 93 55 
94 52 44 87 
94 44 52 42 
44 86 94 87 
42 52 94 43 
50 41 95 81 
42 94 44 95 
42 95 80 50 
80 50 95 81 
81 41 95 82 
41 42 50 95 
42 95 44 80 
42 95 96 94 
41 43 96 79 
41 76 79 96 
42 43 94 96 
76 41 82 96 
41 42 96 43 
96 41 82 95 
41 95 96 42 
52 43 97 94 
43 97 96 79 
43 97 94 96 
86 98 93 44 
44 98 94 86 
56 44 99 80 
99 93 98 44 
99 93 44 56 
95 100 44 80 
44 94 98 100 
100 99 44 80 
44 94 100 95 
100 99 98 44 
69 66 67 101 
47 75 101 77 
45 83 101 84 
47 66 77 101 
46 66 101 67 
45 101 83 67 
46 45 67 101 
78 45 101 84 
45 47 101 46 
66 47 46 101 
78 47 75 101 
47 45 101 78 
67 102 101 83 
67 102 83 48 
83 48 102 74 
48 67 103 68 
102 67 103 48 
102 48 103 74 
61 63 105 72 
72 63 105 73 
61 49 105 63 
64 49 63 105 
49 61 105 71 
49 71 105 57 
64 49 105 57 
81 50 51 106 
50 81 80 106 
50 60 106 80 
50 60 51 106 
57 60 106 51 
64 107 57 105 
107 57 105 106 
107 64 51 84 
107 57 106 51 
81 107 51 84 
81 107 106 51 
107 57 51 64 
52 94 97 110 
98 94 86 110 
52 94 110 87 
87 86 94 110 
56 99 111 80 
99 56 111 93 
93 56 111 92 
90 89 109 112 
106 57 105 113 
106 60 57 113 
85 91 114 92 
54 85 114 92 
85 89 114 91 
89 91 112 114 
114 116 92 115 
116 56 92 111 
54 92 114 117 
55 56 54 117 
56 117 92 54 
116 92 117 114 
56 117 53 59 
56 55 53 117 
56 117 116 92 
118 113 106 111 
118 111 116 113 
106 118 60 113 
118 80 111 106 
118 80 59 56 
118 56 116 111 
60 118 106 80 
59 60 80 118 
117 56 116 118 
117 118 59 56 
118 56 111 80 
57 71 105 119 
57 113 119 105 
118 113 119 60 
60 113 119 57 
60 58 57 119 
57 58 71 119 
60 59 58 119 
60 59 119 118 
118 59 119 117 
61 62 72 120 
61 105 120 72 
71 61 105 120 
71 61 120 62 
121 72 62 120 
122 120 121 62 
83 123 74 102 
83 65 74 123 
83 63 65 123 
74 73 123 65 
63 65 123 73 
64 83 123 63 
84 64 83 123 
64 84 107 123 
63 105 73 123 
64 105 63 123 
64 107 105 123 
74 73 124 123 
66 69 128 101 
77 66 128 101 
70 68 103 129 
67 68 129 103 
69 67 68 129 
69 128 101 129 
69 67 129 101 
67 101 102 129 
67 102 103 129 
70 129 103 130 
90 112 131 89 
131 115 114 112 
89 112 131 114 
121 120 132 72 
105 120 72 132 
120 71 132 105 
105 132 119 71 
120 71 119 132 
113 132 119 105 
73 133 124 123 
72 73 105 133 
73 105 133 123 
121 72 132 133 
105 72 133 132 
102 103 136 74 
102 74 136 123 
74 138 103 136 
74 123 124 138 
74 123 138 136 
136 104 139 103 
136 138 103 139 
78 75 140 101 
82 76 140 75 
77 128 140 101 
79 77 128 140 
76 75 79 140 
75 77 79 140 
75 77 140 101 
78 82 84 140 
96 79 97 140 
75 82 78 140 
78 84 101 140 
96 76 140 82 
96 76 79 140 
79 141 140 128 
79 97 140 141 
84 107 123 142 
95 80 142 100 
80 111 142 99 
81 107 84 142 
100 99 80 142 
81 106 107 142 
80 106 142 111 
82 84 140 142 
81 82 95 142 
81 82 142 84 
95 81 142 80 
81 106 142 80 
95 96 142 82 
96 82 140 142 
83 101 143 102 
84 140 143 101 
84 83 101 143 
143 102 136 123 
84 123 83 143 
83 123 102 143 
143 123 136 138 
84 142 143 140 
84 142 123 143 
144 93 91 86 
93 144 91 92 
86 93 98 144 
93 98 144 99 
108 85 145 89 
108 145 109 89 
85 145 91 88 
145 108 88 85 
91 85 89 145 
88 145 91 86 
144 91 145 86 
87 88 86 146 
86 146 98 110 
87 146 86 110 
86 98 146 144 
86 145 144 146 
108 145 88 146 
88 86 146 145 
89 109 112 147 
91 89 112 147 
91 145 147 144 
91 147 145 89 
147 145 89 109 
148 98 144 146 
148 146 110 98 
149 131 112 115 
149 131 150 112 
90 150 131 112 
90 153 112 109 
90 112 153 150 
152 90 153 150 
112 149 153 150 
153 147 112 109 
152 90 109 153 
116 92 154 111 
116 92 115 154 
92 91 114 155 
91 92 144 155 
155 154 115 92 
92 114 115 155 
155 112 114 115 
155 91 114 112 
155 156 91 112 
91 156 155 144 
91 147 156 144 
147 156 112 91 
156 147 112 153 
99 93 111 157 
157 155 156 144 
93 92 111 157 
93 144 157 99 
92 157 154 111 
157 155 92 154 
93 144 92 157 
157 144 92 155 
156 112 155 158 
158 156 112 153 
112 158 153 149 
140 142 143 159 
94 96 97 159 
148 98 110 159 
95 96 94 159 
100 95 159 142 
97 141 159 140 
97 110 159 141 
94 110 159 97 
98 100 94 159 
94 98 159 110 
96 140 159 142 
95 96 159 142 
100 94 159 95 
96 97 159 140 
99 111 142 160 
100 160 142 159 
98 148 160 159 
100 99 142 160 
99 100 98 160 
98 99 160 144 
99 157 111 160 
100 98 160 159 
98 144 160 148 
157 154 111 160 
157 144 160 99 
101 128 161 129 
101 102 129 161 
102 103 129 161 
102 103 161 136 
101 102 161 143 
161 102 136 143 
140 101 161 143 
101 140 161 128 
129 103 130 162 
103 104 130 162 
161 129 162 103 
136 161 162 103 
136 103 162 104 
104 139 125 163 
136 104 163 139 
162 136 104 163 
142 123 143 164 
107 142 164 123 
107 105 123 164 
105 123 164 133 
132 105 164 133 
111 154 164 160 
111 142 160 164 
132 113 164 105 
107 106 105 164 
106 111 164 142 
113 111 164 106 
106 113 105 164 
106 107 142 164 
108 145 168 109 
108 145 146 168 
109 147 168 153 
147 145 109 168 
152 109 169 153 
109 169 153 168 
146 110 170 148 
110 170 159 141 
148 110 170 159 
154 173 164 160 
154 173 174 164 
154 111 164 174 
111 113 164 174 
113 132 164 174 
115 154 174 116 
154 116 111 174 
111 116 113 174 
149 131 115 175 
154 176 174 173 
176 115 154 174 
176 115 174 175 
166 149 158 176 
149 175 176 166 
176 175 149 115 
149 112 158 176 
149 115 112 176 
112 155 158 176 
115 155 176 154 
155 115 176 112 
121 133 132 178 
115 131 179 175 
115 175 179 174 
113 179 132 174 
116 179 113 174 
115 116 174 179 
115 114 179 131 
116 114 179 115 
113 119 132 179 
113 118 119 179 
118 116 179 113 
116 114 117 179 
116 117 118 179 
118 117 119 179 
122 121 180 178 
132 121 178 180 
122 120 180 121 
120 132 180 121 
179 174 180 132 
119 132 179 180 
132 120 180 119 
178 122 181 180 
124 182 177 137 
124 138 182 137 
124 123 182 138 
123 143 182 138 
124 133 177 182 
124 133 182 123 
123 164 182 143 
164 123 182 133 
127 183 163 125 
126 183 125 139 
163 139 125 183 
126 137 183 139 
126 184 137 134 
126 184 183 137 
127 163 183 185 
127 186 185 183 
186 185 187 127 
128 190 161 129 
141 128 190 140 
128 140 161 190 
129 130 192 162 
161 162 129 192 
190 161 129 192 
176 173 193 174 
166 176 193 175 
195 171 165 194 
165 196 166 193 
196 165 171 194 
166 196 175 193 
149 166 196 175 
196 194 193 165 
165 166 196 149 
149 175 197 131 
149 150 131 197 
175 197 196 149 
196 165 197 171 
171 151 165 197 
165 196 197 149 
151 150 165 197 
149 150 197 165 
196 198 175 193 
197 196 198 175 
151 171 172 199 
199 171 196 197 
199 151 171 197 
197 175 198 200 
175 197 131 200 
175 131 179 200 
195 194 201 171 
171 199 196 201 
194 196 201 171 
204 133 182 177 
178 133 204 177 
164 204 133 182 
174 173 204 164 
164 174 132 204 
132 180 178 204 
132 174 180 204 
132 164 204 133 
178 133 132 204 
135 184 134 205 
137 184 205 134 
177 205 134 137 
182 205 177 137 
182 137 184 205 
204 205 177 182 
135 206 203 188 
135 188 184 206 
135 206 184 205 
139 207 137 183 
184 183 137 207 
163 185 207 183 
186 183 207 185 
207 163 183 139 
136 139 163 207 
136 161 207 162 
136 162 207 163 
138 139 207 137 
138 136 207 139 
182 138 207 137 
182 137 207 184 
143 161 207 136 
136 143 138 207 
182 143 207 138 
191 141 190 208 
191 170 141 208 
143 161 208 207 
159 170 208 141 
140 161 190 208 
159 140 208 143 
141 140 190 208 
159 140 141 208 
140 143 161 208 
209 143 207 182 
209 143 208 207 
159 209 143 208 
209 164 143 182 
160 173 164 209 
160 142 209 164 
142 209 143 159 
160 159 209 142 
142 209 164 143 
159 210 208 170 
168 146 170 210 
157 144 210 160 
145 147 144 210 
148 210 159 170 
147 153 210 168 
148 159 210 160 
144 148 210 160 
145 144 146 210 
147 156 210 153 
145 168 210 146 
147 156 144 210 
144 157 210 156 
147 145 168 210 
148 146 210 170 
148 144 210 146 
151 167 211 150 
152 153 211 150 
151 172 171 211 
165 166 149 211 
150 211 149 153 
166 158 149 211 
158 153 149 211 
151 167 172 211 
171 165 151 211 
211 150 149 165 
151 211 165 150 
167 152 211 150 
165 171 195 212 
165 212 166 211 
165 212 211 171 
167 152 213 211 
153 152 211 213 
169 213 153 168 
169 152 213 167 
213 153 168 210 
169 152 153 213 
158 214 156 153 
212 211 214 166 
214 153 158 211 
214 156 153 210 
158 214 211 166 
153 214 213 211 
153 214 210 213 
176 215 193 173 
154 173 215 176 
154 173 160 215 
156 157 210 215 
157 160 210 215 
158 156 215 155 
158 166 176 215 
214 166 215 212 
155 157 215 154 
155 154 215 176 
166 176 215 193 
158 214 215 156 
158 214 166 215 
157 154 160 215 
156 155 157 215 
214 156 210 215 
158 155 215 176 
159 209 208 216 
210 159 208 216 
160 209 159 216 
160 210 216 159 
215 216 173 160 
160 216 173 209 
216 215 210 160 
162 163 217 207 
163 185 217 207 
162 161 217 192 
208 161 217 207 
162 161 207 217 
190 192 217 161 
161 208 217 190 
216 173 209 220 
215 173 216 220 
204 182 220 205 
220 164 209 182 
173 220 204 164 
173 220 164 209 
220 164 182 204 
173 221 220 215 
215 221 220 216 
215 221 193 173 
221 222 215 193 
166 193 215 222 
166 165 193 222 
165 212 222 166 
166 212 222 215 
195 194 165 222 
195 212 222 165 
194 165 222 193 
213 169 167 223 
167 172 211 223 
167 213 223 211 
168 224 210 170 
169 213 168 224 
168 213 210 224 
213 169 223 224 
191 170 208 225 
170 225 210 208 
170 224 210 225 
195 171 201 226 
195 226 222 212 
171 172 226 211 
212 171 226 211 
211 212 223 226 
195 171 226 212 
172 211 223 226 
171 172 227 226 
201 171 227 226 
199 171 172 227 
199 201 171 227 
202 227 201 199 
228 172 223 226 
228 172 226 227 
221 193 229 222 
221 193 173 229 
221 173 220 229 
173 220 229 204 
174 173 229 204 
193 173 229 174 
221 222 229 230 
198 193 231 175 
175 193 231 176 
198 200 175 231 
231 193 229 174 
176 193 231 174 
176 175 174 231 
231 229 204 174 
174 231 180 204 
174 179 180 231 
200 175 231 179 
174 175 179 231 
232 204 205 177 
178 232 181 177 
204 232 178 177 
178 180 181 232 
204 180 178 232 
204 231 180 232 
229 231 204 233 
232 233 204 231 
234 231 232 180 
234 179 231 180 
200 234 179 231 
234 235 180 232 
235 180 232 181 
205 236 206 184 
182 207 236 184 
182 236 205 184 
236 182 205 220 
220 182 209 236 
182 236 207 209 
188 186 237 189 
188 186 183 237 
188 184 237 183 
188 237 184 206 
207 183 237 184 
183 186 207 237 
207 237 236 184 
237 236 184 206 
185 217 238 218 
237 238 186 207 
238 217 185 207 
238 185 186 207 
238 208 217 207 
218 185 187 239 
189 186 239 187 
186 185 239 187 
189 239 186 237 
238 218 239 185 
238 239 186 185 
238 239 237 186 
189 240 188 203 
240 239 189 237 
240 237 189 188 
240 203 206 188 
237 240 206 188 
208 241 238 217 
191 225 208 241 
192 190 217 241 
208 241 217 190 
191 208 190 241 
192 241 217 242 
243 230 229 222 
243 193 222 229 
198 243 231 193 
243 231 193 229 
219 243 229 231 
219 243 231 198 
194 193 222 243 
194 196 193 244 
196 198 193 244 
244 198 193 243 
194 201 196 244 
194 244 193 243 
201 194 245 244 
195 245 222 226 
194 195 245 222 
194 195 201 245 
195 201 245 226 
194 245 243 222 
244 194 245 243 
246 244 245 243 
246 245 244 201 
219 231 229 247 
247 229 233 231 
248 219 247 231 
248 249 247 219 
219 249 243 250 
249 248 250 219 
219 250 243 198 
219 248 250 231 
250 219 231 198 
198 250 200 231 
244 198 243 250 
198 251 200 250 
198 197 200 251 
244 251 198 250 
199 197 196 251 
198 197 251 196 
244 198 251 196 
244 201 196 251 
199 201 251 196 
202 199 201 251 
201 202 251 244 
201 202 244 252 
246 244 252 201 
202 253 251 244 
252 253 202 244 
248 254 231 247 
248 250 231 254 
248 249 250 255 
248 255 250 254 
256 250 254 231 
250 251 200 256 
250 256 200 231 
231 234 256 200 
256 254 234 231 
257 252 202 201 
246 245 201 257 
252 257 246 201 
201 245 226 257 
202 201 227 257 
201 227 257 226 
258 202 227 257 
258 257 252 202 
252 202 253 258 
240 237 206 259 
240 259 206 203 
236 260 220 205 
233 229 260 204 
260 204 220 205 
233 232 204 260 
229 204 220 260 
232 260 205 204 
206 261 259 237 
261 236 237 206 
261 236 206 205 
260 261 205 236 
238 207 237 262 
236 207 262 237 
208 262 238 241 
262 208 238 207 
225 208 241 262 
210 216 208 262 
224 210 225 262 
210 208 225 262 
216 209 208 262 
220 209 262 236 
216 209 262 220 
209 208 262 207 
209 262 236 207 
216 210 263 262 
263 210 224 262 
216 215 263 210 
212 222 215 263 
214 212 215 263 
212 226 222 263 
213 211 263 223 
213 263 210 224 
212 226 263 223 
214 215 210 263 
214 213 211 263 
214 213 263 210 
211 212 263 223 
212 214 211 263 
213 223 263 224 
263 264 216 262 
264 220 262 236 
264 216 262 220 
221 264 220 216 
222 263 264 215 
221 222 264 215 
215 221 216 264 
215 216 263 264 
265 238 218 239 
218 265 242 217 
238 265 218 217 
241 265 217 242 
238 265 217 241 
238 262 265 241 
249 219 266 247 
219 249 266 243 
219 266 247 229 
266 230 229 243 
219 243 266 229 
221 222 230 267 
221 264 222 267 
267 220 236 260 
267 264 236 220 
221 264 267 220 
230 221 267 229 
229 267 260 220 
230 229 267 260 
221 267 229 220 
268 230 222 267 
266 268 230 243 
268 243 222 230 
245 243 222 268 
246 245 268 243 
230 269 260 267 
269 260 236 261 
267 269 260 236 
270 230 268 267 
270 230 267 269 
270 230 266 268 
264 222 267 271 
222 268 267 271 
222 271 264 263 
245 222 271 268 
245 226 257 271 
245 226 271 222 
226 222 263 271 
228 223 272 226 
223 272 263 224 
223 226 263 272 
226 271 263 272 
224 225 273 262 
225 273 262 241 
273 262 241 265 
272 224 273 263 
263 224 273 262 
226 257 271 274 
258 257 227 274 
227 257 226 274 
226 274 271 272 
228 227 226 274 
228 274 226 272 
230 270 275 269 
230 266 275 270 
275 230 269 260 
233 275 260 229 
230 266 229 275 
247 275 233 229 
247 275 229 266 
230 275 229 260 
276 275 269 260 
276 233 275 260 
276 275 233 277 
247 277 233 275 
233 277 231 232 
247 277 231 233 
247 254 231 277 
235 277 232 234 
231 277 234 232 
254 231 277 234 
254 277 235 234 
278 277 235 254 
254 256 234 278 
254 278 234 235 
279 261 237 259 
279 269 236 261 
279 236 237 261 
236 279 237 262 
267 269 236 279 
267 264 279 236 
264 262 279 236 
240 280 237 259 
240 239 237 280 
238 239 280 237 
265 239 280 238 
279 280 259 237 
265 238 280 262 
238 237 280 262 
279 262 280 237 
281 265 241 242 
273 281 265 241 
249 266 243 283 
249 250 283 243 
252 253 244 283 
246 244 243 283 
244 283 250 243 
244 250 283 251 
244 253 251 283 
246 252 244 283 
246 283 243 268 
266 243 283 268 
284 266 249 283 
284 266 283 268 
284 285 266 268 
246 245 286 268 
245 257 286 271 
245 286 268 271 
246 252 283 286 
286 246 268 283 
252 246 257 286 
286 283 268 284 
246 245 257 286 
287 252 286 283 
252 287 286 257 
258 252 257 288 
252 253 288 258 
252 287 257 288 
289 249 266 247 
289 247 266 275 
248 249 255 289 
248 249 289 247 
266 249 289 284 
289 247 275 291 
276 275 277 291 
247 291 277 275 
292 289 291 247 
255 292 248 289 
289 247 292 248 
292 291 277 247 
292 247 277 254 
255 254 248 292 
248 254 247 292 
293 290 284 289 
285 284 266 293 
284 293 289 266 
285 290 284 293 
249 255 294 250 
283 249 294 250 
294 284 249 283 
249 255 289 294 
284 294 249 289 
255 250 254 295 
256 250 295 254 
250 295 251 256 
253 295 251 283 
250 295 283 251 
283 295 250 294 
295 255 250 294 
296 253 283 295 
253 252 296 283 
294 283 295 296 
288 253 252 296 
288 287 296 252 
287 252 283 296 
294 290 297 284 
292 255 297 289 
290 284 289 297 
297 294 289 255 
294 284 297 289 
292 291 298 277 
292 255 254 298 
292 298 254 277 
298 254 277 278 
292 298 297 255 
255 298 299 254 
255 299 295 254 
256 295 299 254 
298 299 254 278 
254 256 278 299 
299 298 255 297 
255 295 299 294 
297 255 299 294 
257 286 271 300 
287 286 257 300 
258 257 274 300 
258 288 257 300 
257 274 300 271 
288 287 257 300 
301 259 280 282 
301 279 280 259 
301 261 279 259 
269 279 301 261 
302 269 301 261 
302 269 261 260 
302 276 269 260 
280 281 265 303 
273 281 303 265 
303 279 262 280 
262 303 280 265 
303 262 273 265 
264 303 279 262 
264 267 279 303 
264 271 267 303 
263 303 262 273 
272 263 273 303 
264 263 303 262 
271 263 303 264 
271 263 272 303 
268 270 267 304 
268 304 267 271 
271 304 267 303 
268 304 271 286 
286 304 271 300 
270 268 305 304 
270 266 305 268 
270 305 266 275 
289 266 305 275 
285 293 266 305 
293 289 266 305 
285 266 268 305 
270 305 306 304 
306 269 279 301 
269 302 301 306 
269 306 279 267 
306 267 303 279 
304 306 267 303 
270 269 267 306 
270 304 306 267 
285 284 307 268 
286 307 268 304 
307 286 268 284 
285 307 305 268 
307 304 305 268 
305 308 270 306 
308 270 306 269 
269 308 302 306 
308 302 276 269 
275 308 276 269 
308 270 269 275 
305 308 275 270 
273 303 281 309 
271 304 303 309 
271 309 303 272 
272 309 303 273 
300 271 309 304 
274 309 271 272 
274 300 271 309 
310 308 302 276 
275 289 310 305 
310 276 291 275 
308 305 275 310 
289 275 310 291 
275 310 276 308 
293 289 305 310 
291 298 277 311 
298 311 299 278 
298 278 277 311 
312 311 298 291 
313 281 282 280 
313 301 280 282 
306 313 301 279 
279 313 301 280 
303 313 280 281 
306 313 279 303 
303 313 281 309 
303 279 280 313 
314 313 282 301 
314 313 301 306 
315 313 281 282 
315 313 309 281 
315 316 313 282 
316 314 313 282 
307 305 304 317 
285 307 317 305 
293 285 317 305 
285 293 317 290 
285 290 317 307 
293 317 310 305 
294 290 284 318 
294 284 283 318 
285 284 318 307 
284 318 286 283 
290 285 318 307 
294 318 283 296 
318 307 284 286 
287 286 318 283 
294 290 318 297 
287 296 283 318 
290 284 318 285 
307 319 304 286 
307 290 317 319 
287 286 300 319 
286 319 304 300 
287 318 286 319 
319 307 318 286 
318 307 319 290 
290 320 317 319 
290 320 318 297 
318 290 319 320 
287 296 318 321 
318 319 287 321 
288 296 287 321 
288 287 300 321 
321 287 300 319 
312 322 310 291 
312 291 298 322 
322 291 289 310 
297 290 322 289 
292 297 298 322 
290 320 297 322 
293 290 289 322 
297 292 289 322 
292 289 322 291 
292 298 291 322 
320 290 317 322 
293 290 322 317 
293 322 289 310 
293 322 310 317 
323 294 299 295 
318 294 323 296 
297 323 294 299 
294 318 323 297 
296 321 323 318 
296 294 323 295 
320 323 318 297 
322 312 324 298 
311 312 298 324 
299 298 324 311 
299 298 297 324 
297 322 324 298 
299 297 323 324 
323 320 324 297 
322 297 324 320 
300 325 304 309 
319 325 304 300 
321 325 319 300 
326 320 319 317 
314 327 306 301 
308 305 310 327 
308 310 302 327 
308 327 302 306 
306 327 302 301 
317 305 327 310 
328 306 313 314 
328 327 306 314 
328 306 327 308 
305 308 328 327 
328 304 306 305 
305 308 306 328 
304 328 303 309 
304 306 303 328 
306 328 313 303 
328 313 303 309 
325 328 304 309 
305 317 328 304 
307 317 304 328 
317 305 328 327 
319 328 304 325 
326 319 325 328 
307 319 328 304 
326 319 328 317 
307 319 317 328 
329 315 313 309 
329 328 309 313 
325 329 328 309 
330 317 327 310 
322 330 310 317 
312 330 310 322 
331 311 324 312 
324 312 322 331 
312 330 322 331 
329 315 332 313 
315 316 332 313 
314 316 313 332 
329 328 313 332 
328 314 313 332 
327 332 314 328 
333 327 328 332 
326 317 328 334 
334 333 327 328 
317 334 327 328 
334 317 327 330 
320 326 335 317 
320 335 323 324 
326 335 317 334 
322 335 330 317 
320 335 322 317 
320 335 324 322 
334 335 317 330 
321 325 336 319 
326 336 325 319 
320 323 336 318 
320 335 336 323 
323 321 336 318 
326 320 336 319 
319 318 336 321 
320 318 336 319 
335 320 336 326 
331 330 322 337 
324 337 331 322 
337 335 324 323 
335 337 330 334 
335 336 323 337 
337 335 330 322 
337 335 322 324 
338 325 329 328 
326 338 328 325 
338 336 325 326 
326 334 328 338 
336 326 338 335 
335 326 338 334 
339 333 327 334 
339 334 327 330 
339 334 330 337 
340 333 328 332 
340 329 332 328 
333 339 340 334 
338 340 328 329 
334 338 340 328 
334 340 333 328 
339 341 337 330 
331 341 330 337 
342 333 340 332 
333 342 340 339 
343 340 342 339 
341 343 339 337 
335 337 343 336 
343 334 340 339 
341 339 343 342 
343 335 338 334 
343 334 339 337 
343 340 334 338 
336 335 338 343 
335 343 337 334 