1         2         3         4         
1         5         3         6         
7         8         9         10        
8         7         9         11        
12        11        7         13        
8         7         11        13        
12        7         14        13        
14        15        12        16        
12        16        13        14        
12        11        13        17        
18        19        20        21        
11        19        18        21        
8         11        21        13        
8         11        9         21        
11        18        9         21        
17        22        19        23        
17        19        11        23        
21        13        11        23        
19        22        24        23        
21        19        23        11        
17        11        13        23        
1         25        4         3         
1         5         25        3         
26        27        28        29        
27        29        26        30        
28        29        31        26        
28        27        26        32        
29        33        34        35        
33        30        35        29        
29        35        26        30        
29        36        31        26        
36        31        37        34        
34        36        31        29        
34        36        29        35        
29        35        36        26        
38        35        34        33        
38        34        35        36        
34        38        39        40        
39        38        34        33        
41        17        42        43        
17        41        42        12        
13        12        42        16        
12        13        42        17        
23        42        13        17        
16        12        42        15        
41        12        15        42        
43        41        39        44        
39        41        45        44        
39        43        44        33        
44        41        42        43        
39        38        33        44        
38        35        33        44        
15        41        46        45        
42        44        46        41        
41        45        44        46        
16        46        15        42        
41        42        15        46        
39        45        47        44        
45        40        39        47        
47        46        44        45        
38        39        40        47        
38        39        47        44        
48        40        34        37        
48        37        34        36        
34        36        38        48        
40        34        38        48        
48        38        40        47        
28        49        32        26        
50        49        28        51        
49        32        50        28        
49        50        32        52        
28        49        53        51        
31        51        53        54        
28        49        26        53        
28        31        51        53        
28        53        26        31        
53        36        26        31        
31        54        53        55        
37        54        31        55        
36        37        31        55        
48        36        55        37        
36        31        53        55        
50        51        56        57        
51        56        57        58        
50        57        49        51        
53        57        51        49        
59        52        60        61        
59        52        61        50        
50        57        56        59        
59        61        56        50        
62        63        64        2         
58        51        54        65        
57        53        51        65        
51        54        65        53        
55        65        54        53        
51        58        57        65        
66        67        56        58        
67        58        65        57        
56        58        67        57        
68        69        66        70        
64        4         68        71        
63        72        73        74        
59        57        56        75        
56        57        67        75        
69        56        66        75        
56        66        75        67        
69        61        75        25        
61        69        75        56        
61        59        56        75        
67        66        75        70        
69        66        70        75        
25        4         76        69        
4         69        68        76        
4         68        71        76        
76        69        75        25        
69        68        76        70        
75        76        70        69        
70        71        68        76        
76        25        3         4         
5         77        78        79        
76        3         25        79        
3         5         25        79        
78        5         79        25        
80        81        77        78        
80        77        79        78        
3         76        4         82        
71        64        4         82        
62        71        82        64        
82        76        4         71        
62        64        82        2         
2         4         64        82        
3         82        4         2         
73        83        84        85        
83        86        84        87        
84        73        86        83        
84        73        88        86        
73        2         88        86        
88        84        74        73        
88        62        82        2         
62        74        63        88        
88        63        73        74        
62        63        2         88        
2         63        73        88        
1         89        2         86        
89        1         3         6         
89        88        2         86        
84        88        89        86        
86        89        6         1         
89        3         2         82        
1         89        3         2         
88        89        2         82        
3         90        79        76        
3         90        76        82        
3         82        89        90        
90        3         79        91        
6         92        5         91        
89        3         91        6         
3         5         91        6         
3         89        91        90        
3         79        91        5         
77        5         92        93        
80        93        79        77        
93        92        91        5         
93        79        5         91        
93        77        5         79        
84        86        89        94        
86        89        94        6         
87        95        6         94        
87        6         86        94        
89        91        94        6         
86        84        87        94        
92        95        96        6         
6         96        92        91        
93        96        91        92        
96        95        94        6         
96        94        91        6         
95        97        87        98        
97        87        94        95        
97        96        95        94        
99        100       101       102       
103       101       99        100       
103       100       83        101       
103       99        101       104       
83        87        84        105       
83        100       87        105       
94        97        105       87        
100       105       83        101       
97        87        98        105       
100       87        105       98        
105       94        87        84        
98        100       102       106       
100       98        105       106       
97        106       105       98        
100       102       106       101       
105       101       100       106       
8         7         107       10        
7         108       107       10        
8         107       7         109       
108       14        7         109       
107       7         109       108       
7         14        13        109       
16        109       13        14        
8         107       109       13        
8         7         13        109       
10        110       111       112       
10        112       113       110       
113       10        114       108       
110       114       10        107       
107       109       114       108       
110       10        114       113       
10        108       107       114       
115       113       112       110       
115       116       112       113       
115       110       114       113       
117       118       119       120       
117       121       118       120       
122       123       124       125       
122       123       125       120       
123       120       126       125       
118       121       117       127       
122       119       120       128       
129       119       130       128       
122       125       128       120       
119       122       130       128       
119       117       120       128       
120       117       125       128       
110       131       107       10        
9         111       10        131       
9         111       131       132       
110       10        111       131       
107       8         10        131       
9         8         131       10        
8         9         131       21        
133       134       135       132       
133       111       132       135       
111       132       135       131       
133       111       135       136       
137       134       133       138       
137       133       134       135       
19        21        23        139       
24        20        19        139       
19        139       20        21        
19        24        139       23        
18        140       9         21        
131       9         132       140       
132       18        141       140       
18        132       9         140       
140       131       9         21        
131       140       132       135       
140       21        18        142       
139       142       20        21        
20        18        142       141       
18        20        142       21        
140       18        141       142       
137       135       134       143       
132       141       143       140       
141       134       132       143       
140       142       141       143       
134       135       132       143       
143       135       132       140       
144       126       136       145       
123       126       145       125       
144       126       145       123       
144       123       145       146       
146       123       147       124       
123       124       125       147       
123       125       145       147       
146       147       123       145       
144       145       148       146       
138       144       148       146       
147       148       145       146       
122       124       149       125       
147       149       124       125       
128       125       122       149       
124       150       122       149       
122       130       150       124       
128       150       149       122       
128       130       150       122       
112       116       115       151       
152       112       151       116       
151       136       112       152       
136       112       111       151       
112       110       151       115       
112       110       111       151       
136       111       135       151       
135       137       133       153       
145       144       153       136       
144       133       153       136       
145       153       144       148       
133       135       153       136       
137       148       138       153       
148       144       138       153       
137       138       133       153       
144       138       153       133       
151       153       135       136       
151       145       153       136       
151       110       111       154       
135       131       154       111       
110       131       111       154       
154       135       111       151       
154       153       135       151       
119       128       129       155       
118       156       155       119       
129       119       155       157       
117       118       155       119       
157       155       156       119       
155       119       128       117       
158       159       160       161       
162       158       161       159       
162       163       159       161       
163       159       161       164       
164       159       161       165       
103       166       101       83        
103       85        166       83        
103       166       85        167       
85        167       166       168       
83        85        166       84        
101       105       83        166       
83        105       84        166       
84        73        85        169       
74        73        169       72        
73        72        85        169       
169       84        105       166       
84        169       74        73        
169       85        84        166       
88        84        169       74        
84        105       94        169       
168       85        72        170       
85        168       166       170       
170       72        169       85        
74        170       72        169       
170       85        169       166       
171       168       167       172       
171       168       170       166       
167       171       166       168       
167       166       171       173       
167       174       173       172       
104       174       175       173       
104       167       173       103       
167       172       173       171       
104       173       167       174       
166       167       103       173       
104       103       173       101       
166       101       173       103       
172       176       174       177       
171       177       172       173       
174       172       177       173       
174       173       177       178       
178       174       173       175       
175       178       174       179       
179       174       176       178       
175       179       180       178       
174       176       178       177       
99        102       101       181       
102       182       181       99        
106       102       181       101       
104       183       184       99        
184       99        183       182       
99        182       181       183       
99        183       181       101       
184       104       175       183       
104       183       173       175       
99        183       101       104       
183       173       101       104       
178       173       183       175       
175       178       180       185       
184       175       185       183       
186       175       180       185       
175       184       185       186       
186       184       185       187       
185       178       183       175       
184       182       183       188       
188       182       187       184       
188       182       183       181       
184       183       185       188       
184       188       185       187       
162       158       189       161       
186       158       190       189       
180       186       189       158       
180       162       158       189       
189       186       180       185       
186       190       191       189       
189       185       191       186       
188       191       185       187       
187       186       190       191       
186       187       185       191       
158       160       192       161       
192       191       190       189       
190       158       160       192       
158       189       161       192       
158       190       189       192       
160       159       193       161       
193       192       160       161       
160       194       193       159       
195       173       183       178       
185       195       183       178       
196       179       178       180       
179       197       196       198       
180       179       197       196       
180       189       196       162       
189       161       196       162       
180       197       162       196       
189       196       185       180       
178       196       180       185       
178       196       199       179       
179       198       196       199       
176       198       179       199       
179       176       199       178       
199       177       178       176       
198       197       200       201       
200       199       196       198       
197       198       200       196       
197       162       196       202       
162       161       202       163       
163       161       202       164       
197       163       202       201       
162       163       202       197       
161       202       196       162       
200       196       203       197       
202       196       197       203       
200       201       197       203       
202       201       203       197       
204       165       161       159       
165       159       204       194       
204       161       193       159       
204       193       194       159       
193       205       192       161       
204       205       193       161       
204       206       193       205       
206       204       193       194       
130       129       128       207       
150       207       130       128       
128       129       155       207       
129       130       208       207       
8         107       13        209       
21        8         13        209       
140       21        142       209       
140       209       131       21        
107       8         131       209       
8         21        131       209       
42        13        210       23        
21        210       209       13        
21        210       13        23        
210       209       13        211       
109       107       211       13        
209       107       13        211       
212       109       211       13        
46        16        212       42        
210       211       13        212       
13        42        210       212       
16        109       212       13        
16        13        212       42        
43        44        33        213       
43        17        42        213       
214       22        213       215       
43        22        17        213       
43        214       22        213       
44        213       43        42        
23        42        17        213       
43        214       213       33        
22        23        17        213       
33        30        214       216       
35        216       33        44        
213       44        33        216       
35        33        216       30        
214       213       33        216       
214       30        217       216       
217       218       215       214       
214       218       215       213       
213       214       218       216       
218       214       217       216       
42        23        210       219       
213       44        216       219       
44        213       42        219       
210       211       212       219       
42        210       212       219       
219       42        23        213       
215       22        220       24        
139       24        220       23        
22        24        23        220       
213       23        219       220       
218       215       213       220       
22        215       220       213       
23        22        220       213       
23        221       219       220       
221       139       220       23        
221       210       21        23        
221       21        139       23        
139       21        221       142       
210       221       219       23        
210       21        209       221       
21        221       142       209       
60        78        81        222       
80        81        78        222       
78        79        222       25        
78        25        222       61        
61        75        25        222       
60        78        222       61        
80        79        222       78        
76        75        222       25        
59        61        60        222       
76        79        25        222       
59        61        222       75        
60        223       222       81        
80        223       81        222       
60        81        224       223       
222       60        59        223       
224       60        223       52        
60        59        223       52        
52        32        225       226       
49        50        52        225       
59        52        50        225       
49        50        225       57        
59        225       223       52        
59        50        57        225       
49        32        225       52        
59        222       223       225       
32        226       227       225       
49        32        227       225       
226       227       228       32        
27        32        227       26        
228       32        227       27        
32        49        227       26        
229       225       52        223       
224       229       52        223       
224       226       52        229       
52        225       229       226       
229       227       226       225       
230       30        231       217       
218       231       216       217       
231       30        216       217       
231       30        230       232       
216       232       30        231       
26        27        30        232       
35        216       232       30        
30        230       232       27        
35        232       26        30        
233       26        227       49        
26        53        49        233       
49        225       227       233       
26        233       234       232       
231       234       232       230       
228       27        234       230       
228       227       234       27        
234       230       27        232       
26        232       234       27        
26        27        234       227       
233       234       227       26        
235       44        219       216       
38        44        47        235       
216       35        232       235       
216       235       44        35        
38        35        44        235       
35        232       235       236       
36        53        236       55        
232       236       35        26        
26        236       233       232       
26        233       236       53        
26        53        236       36        
35        236       36        26        
36        237       55        236       
38        48        237       47        
237       38        35        36        
35        237       235       38        
237       35        235       236       
38        237       235       47        
36        48        55        237       
36        38        48        237       
237       35        236       36        
42        219       238       44        
46        47        44        238       
46        42        238       44        
42        219       212       238       
44        47        235       238       
237       47        238       235       
219       44        235       238       
46        212       238       42        
212       211       238       219       
237       48        239       47        
47        239       237       238       
237       48        55        239       
237       239       55        236       
233       240       236       53        
57        53        65        240       
53        240       49        233       
225       49        240       233       
53        57        49        240       
225       49        57        240       
65        55        241       53        
65        53        241       240       
55        53        236       241       
53        240       236       241       
55        239       241       236       
242       57        75        67        
67        70        75        242       
57        242       240       65        
242       65        57        67        
65        242       240       241       
59        225       57        243       
242       243       75        57        
57        242       243       240       
57        225       240       243       
75        59        57        243       
59        225       243       222       
75        243       222       59        
244       105       166       169       
101       244       105       166       
105       244       94        169       
173       183       245       195       
166       101       244       245       
183       101       245       181       
166       245       173       101       
183       245       101       173       
82        71        62        246       
62        74        88        246       
62        82        246       88        
169       74        170       247       
75        76        248       70        
75        248       242       70        
70        76        248       71        
90        76        82        248       
76        71        82        248       
243       75        248       242       
242       67        70        249       
242       65        67        249       
242       65        249       241       
249       248       70        242       
71        250       82        248       
70        250       71        248       
90        248       82        250       
248       250       249       70        
71        82        250       246       
247       169       74        251       
169       88        74        251       
247       246       251       74        
246       82        251       88        
169       247       244       251       
246       88        251       74        
243       248       75        252       
248       75        252       76        
243       222       252       75        
222       75        76        252       
90        79        76        252       
90        252       76        248       
79        222       76        252       
79        222       253       80        
79        80        253       93        
79        222       252       253       
222       223       253       80        
79        90        91        253       
79        93        253       91        
79        252       90        253       
90        82        254       250       
90        91        253       254       
90        252       248       254       
246       82        250       254       
90        252       254       253       
246       251       82        254       
90        248       250       254       
89        82        255       90        
255       89        94        84        
89        91        90        255       
169       255       251       244       
255       88        251       82        
89        88        255       82        
90        254       255       91        
90        254       82        255       
88        89        255       84        
255       89        91        94        
84        88        169       255       
255       254       82        251       
255       88        169       251       
255       244       169       94        
84        255       169       94        
91        255       256       254       
91        96        93        256       
93        91        256       253       
91        256       253       254       
96        91        94        256       
91        94        256       255       
94        257       256       255       
94        97        96        257       
94        255       244       257       
96        94        257       256       
97        106       257       105       
94        97        257       105       
105       94        244       257       
101       245       181       258       
106       105       101       258       
105       244       258       257       
106       181       258       101       
105       244       101       258       
106       257       105       258       
245       101       244       258       
110       107       131       259       
110       131       154       259       
107       131       259       209       
114       110       259       107       
259       107       209       260       
109       107       114       260       
209       211       260       107       
212       211       109       260       
259       114       107       260       
109       260       211       107       
126       261       136       145       
126       262       152       261       
152       126       261       136       
151       152       261       136       
261       126       125       145       
151       261       145       136       
116       152       263       264       
152       116       151       264       
115       264       151       116       
151       152       264       261       
261       151       265       264       
154       265       153       151       
265       261       145       151       
265       145       153       151       
263       266       264       152       
262       261       266       152       
263       262       267       266       
263       262       266       152       
266       264       152       261       
115       110       151       268       
115       264       268       151       
259       114       260       268       
259       110       268       154       
154       151       110       268       
115       114       110       268       
114       259       110       268       
117       120       125       269       
261       269       262       266       
117       120       269       121       
121       262       120       269       
121       262       269       267       
262       267       266       269       
262       120       269       126       
261       262       269       126       
125       120       126       269       
261       269       125       126       
270       266       267       269       
118       156       127       271       
118       156       271       155       
118       117       271       127       
117       271       155       118       
121       267       269       272       
267       121       127       272       
270       272       269       267       
121       117       127       272       
117       121       269       272       
271       117       272       127       
271       117       269       272       
125       145       147       273       
125       149       273       147       
269       273       261       125       
273       261       125       145       
265       261       273       145       
269       125       274       273       
155       128       274       117       
271       117       155       274       
128       125       274       117       
117       271       269       274       
117       269       125       274       
275       125       273       274       
275       125       149       273       
150       275       128       149       
275       128       149       125       
275       128       125       274       
129       208       276       207       
157       129       208       276       
157       129       276       155       
276       129       207       155       
157       276       208       277       
156       157       277       278       
156       155       157       278       
155       157       278       276       
157       276       277       278       
156       271       155       278       
156       271       278       127       
278       156       279       277       
156       279       127       278       
272       271       127       280       
279       278       280       127       
280       271       127       278       
150       275       281       128       
155       128       281       274       
207       276       155       281       
150       207       128       281       
275       128       274       281       
207       128       281       155       
131       209       282       259       
154       131       282       259       
140       131       209       282       
135       282       154       131       
135       154       282       153       
143       135       140       282       
135       131       140       282       
135       137       283       143       
135       282       283       153       
153       148       283       137       
282       135       283       143       
135       153       283       137       
221       139       284       220       
139       221       284       142       
221       284       142       209       
142       285       209       284       
282       285       143       283       
142       140       285       143       
143       282       140       285       
140       142       285       209       
140       282       209       285       
148       153       283       286       
149       147       286       273       
145       153       286       265       
148       147       145       286       
145       147       273       286       
265       145       273       286       
148       145       153       286       
275       149       286       273       
149       275       287       150       
150       275       287       281       
149       275       286       287       
275       287       273       286       
268       264       288       151       
151       265       264       288       
268       288       259       154       
154       288       151       268       
154       265       151       288       
265       273       288       289       
289       283       153       286       
154       153       289       282       
265       154       289       288       
283       289       153       282       
153       265       154       289       
289       153       265       286       
265       289       286       273       
209       259       290       282       
211       209       260       290       
209       285       290       284       
282       209       285       290       
259       209       290       260       
291       154       259       288       
291       288       289       154       
154       282       291       259       
291       290       259       282       
282       154       291       289       
155       274       292       271       
155       278       271       292       
278       280       271       292       
155       274       281       292       
276       155       281       292       
292       276       278       277       
292       155       278       276       
278       279       293       277       
161       205       192       294       
189       196       294       185       
189       161       192       294       
202       294       161       196       
189       294       196       161       
202       161       294       295       
204       295       161       165       
205       161       295       294       
161       202       164       295       
205       204       295       161       
164       295       165       161       
164       163       296       202       
164       202       296       295       
163       201       296       202       
203       202       296       201       
297       164       296       295       
164       297       165       295       
165       204       295       298       
297       165       295       298       
165       204       298       299       
206       204       194       299       
204       165       194       299       
171       166       300       173       
169       247       300       244       
170       169       300       166       
170       247       300       169       
177       171       300       173       
166       245       244       300       
244       166       300       169       
171       170       300       166       
245       166       173       300       
173       245       300       301       
177       301       173       300       
195       178       301       173       
177       173       301       178       
173       195       245       301       
199       177       301       178       
247       251       302       244       
247       302       300       244       
195       178       303       301       
199       301       303       178       
178       196       303       199       
195       185       303       178       
178       185       303       196       
196       294       185       303       
181       258       245       304       
181       188       304       183       
183       181       245       304       
195       183       245       304       
191       305       188       185       
305       195       185       303       
191       305       304       188       
189       185       294       305       
185       305       189       191       
305       188       183       304       
305       195       304       183       
195       185       183       305       
185       305       188       183       
305       303       185       294       
305       303       294       306       
191       192       306       189       
305       306       191       304       
189       192       306       294       
305       189       306       294       
191       305       189       306       
205       295       307       294       
205       307       308       294       
193       205       308       192       
205       193       308       206       
192       306       294       308       
205       308       192       294       
304       258       245       309       
310       304       309       258       
303       195       301       309       
195       245       309       304       
303       195       309       305       
305       195       309       304       
300       301       245       309       
195       245       301       309       
294       196       202       311       
294       303       196       311       
199       196       303       311       
200       199       311       196       
301       199       303       311       
303       301       311       309       
202       203       311       196       
200       203       196       311       
297       295       296       312       
202       296       295       312       
307       295       312       294       
202       295       294       312       
203       202       312       296       
307       312       311       294       
203       202       311       312       
202       294       311       312       
205       308       307       313       
206       204       313       205       
299       204       298       313       
204       205       295       313       
204       295       298       313       
206       205       313       308       
205       295       313       307       
206       204       299       313       
276       208       277       314       
276       208       314       315       
276       315       292       281       
276       207       208       315       
207       281       315       276       
211       316       260       212       
211       316       290       260       
211       317       290       316       
209       290       317       284       
211       290       317       209       
210       221       209       317       
211       210       209       317       
221       284       209       317       
211       317       238       219       
210       211       219       317       
210       221       317       219       
212       211       318       238       
211       317       318       238       
211       316       212       318       
211       316       318       317       
216       235       232       319       
231       216       232       319       
216       235       319       219       
213       216       319       219       
216       218       213       319       
213       219       319       220       
218       220       213       319       
231       218       216       319       
219       320       238       235       
320       219       238       317       
219       235       319       320       
320       318       317       238       
321       220       319       219       
284       221       321       317       
320       219       317       321       
221       220       321       219       
321       219       319       320       
221       284       321       220       
221       219       321       317       
229       223       322       225       
222       243       252       322       
243       222       225       322       
223       222       322       225       
225       243       322       240       
223       222       253       322       
222       252       253       322       
233       240       225       323       
229       225       322       323       
233       227       323       225       
229       227       225       323       
233       227       234       323       
225       240       322       323       
231       232       324       319       
232       234       231       324       
232       324       319       235       
236       240       325       241       
232       324       235       325       
324       325       234       323       
236       232       325       233       
233       232       325       234       
236       232       235       325       
233       323       325       240       
233       323       234       325       
233       236       240       325       
324       232       234       325       
239       237       238       326       
239       236       326       241       
320       326       238       235       
235       237       326       238       
235       319       326       324       
237       236       326       239       
235       237       236       326       
235       326       319       320       
236       325       326       241       
325       324       235       326       
236       325       235       326       
238       327       320       318       
239       238       327       326       
320       326       327       238       
327       326       328       239       
326       325       328       241       
239       241       326       328       
329       240       241       325       
329       241       328       325       
325       240       323       329       
240       323       329       322       
240       243       322       329       
240       242       243       329       
242       249       329       241       
240       242       329       241       
241       330       249       329       
330       241       328       329       
243       248       252       331       
249       248       242       331       
331       329       249       330       
331       243       329       322       
243       252       322       331       
243       248       331       242       
249       242       329       331       
243       331       329       242       
252       332       331       248       
252       332       248       254       
248       250       254       332       
252       332       333       331       
333       253       252       322       
333       252       331       322       
246       334       254       250       
332       254       334       250       
251       246       334       254       
244       255       335       257       
335       251       244       302       
251       255       254       335       
251       255       335       244       
245       244       300       336       
335       244       257       336       
310       336       258       309       
300       302       336       244       
336       335       244       302       
245       244       336       258       
336       245       258       309       
258       244       336       257       
336       245       309       300       
247       337       302       251       
251       247       337       246       
251       337       302       335       
251       337       334       246       
330       249       331       338       
331       332       338       248       
334       250       338       332       
250       248       249       338       
248       249       338       331       
250       248       338       332       
332       254       339       334       
334       332       338       339       
251       335       339       337       
251       335       254       339       
337       251       334       339       
254       251       339       334       
253       333       252       340       
252       253       340       254       
332       252       340       254       
332       254       340       339       
256       253       254       340       
332       252       333       340       
256       257       341       255       
255       254       335       341       
340       339       254       341       
256       341       340       254       
257       341       255       335       
335       339       341       254       
256       254       255       341       
258       342       257       336       
341       342       335       257       
335       342       336       257       
310       258       336       342       
291       288       259       343       
260       259       343       290       
291       290       343       259       
260       259       268       343       
268       288       343       259       
316       260       343       290       
266       264       261       344       
266       261       269       344       
268       344       288       264       
270       266       269       344       
269       261       273       344       
265       288       273       344       
265       261       344       273       
344       288       264       265       
261       264       265       344       
288       268       345       344       
345       288       343       268       
270       272       346       269       
271       274       346       269       
270       344       269       346       
269       273       346       344       
272       271       346       269       
269       273       274       346       
280       271       292       347       
272       280       347       271       
347       271       274       346       
271       274       292       347       
272       347       346       271       
289       286       273       348       
286       273       348       287       
346       344       273       348       
288       344       348       273       
289       288       348       273       
288       345       348       344       
349       348       346       273       
274       347       349       292       
347       346       274       349       
349       348       273       287       
274       275       281       349       
274       349       346       273       
274       292       349       281       
287       275       349       281       
275       287       349       273       
274       275       349       273       
292       278       350       277       
276       292       350       277       
351       277       350       293       
292       276       350       315       
277       278       350       293       
351       277       314       350       
277       276       314       350       
315       276       350       314       
352       278       293       350       
292       278       352       350       
278       279       352       293       
278       280       292       352       
278       280       352       279       
347       353       349       292       
347       280       353       292       
280       353       292       352       
281       315       292       354       
281       354       292       349       
281       287       354       349       
289       355       286       348       
289       283       286       355       
355       283       356       289       
285       283       282       356       
285       282       290       356       
291       290       282       356       
283       289       282       356       
291       282       289       356       
321       317       320       357       
321       284       317       357       
358       285       284       290       
358       284       357       317       
358       285       290       356       
358       317       290       284       
287       354       349       359       
355       359       286       348       
349       348       287       359       
287       359       348       286       
348       355       359       360       
291       289       360       356       
291       288       360       289       
355       289       356       360       
345       288       360       343       
355       289       360       348       
291       288       343       360       
345       288       348       360       
289       360       348       288       
290       361       317       358       
291       361       356       360       
290       361       358       356       
290       317       361       316       
290       291       361       356       
291       361       360       343       
290       343       316       361       
290       291       343       361       
350       292       362       352       
362       349       292       354       
362       353       292       349       
353       352       362       292       
292       350       362       315       
315       292       354       362       
293       351       363       364       
352       350       293       364       
351       293       350       364       
351       363       364       365       
307       366       308       294       
303       294       366       311       
307       294       311       366       
307       312       366       311       
303       309       311       366       
303       294       306       366       
308       294       366       306       
307       366       312       367       
298       295       367       313       
307       295       313       367       
297       298       295       368       
295       307       312       368       
312       307       367       368       
298       295       368       367       
296       297       312       368       
307       295       367       368       
297       295       312       368       
298       369       367       368       
298       369       313       367       
298       313       370       299       
298       370       313       369       
336       371       335       302       
371       302       336       300       
336       371       300       309       
301       300       372       309       
301       311       309       372       
371       302       300       372       
371       372       300       309       
371       302       372       373       
302       371       335       373       
302       337       373       335       
303       309       366       374       
308       306       366       374       
304       305       374       309       
303       306       374       366       
310       304       374       309       
303       305       309       374       
304       306       374       305       
305       306       374       303       
310       375       309       374       
310       342       336       375       
310       336       309       375       
336       371       309       375       
366       307       308       376       
307       366       367       376       
367       307       376       313       
366       308       374       376       
308       313       376       307       
374       366       376       377       
374       375       309       377       
309       371       377       375       
371       372       309       377       
374       366       377       309       
311       366       378       312       
366       311       378       309       
366       378       377       309       
372       311       309       378       
372       378       309       377       
367       312       379       366       
366       312       379       378       
367       312       368       379       
367       313       380       369       
367       313       376       380       
370       313       369       380       
351       381       365       364       
350       351       364       381       
350       315       314       381       
314       351       381       365       
350       351       381       314       
350       382       381       364       
381       382       350       383       
354       362       383       315       
362       315       350       383       
362       383       350       382       
350       315       381       383       
320       326       384       327       
320       317       318       384       
320       317       384       357       
327       320       318       384       
316       385       317       361       
316       318       317       385       
343       316       361       385       
327       318       386       384       
318       384       317       387       
318       385       387       317       
385       386       318       387       
361       385       317       387       
357       317       387       358       
361       317       358       387       
386       384       318       387       
357       384       387       317       
324       319       326       388       
325       324       326       388       
320       326       388       384       
321       357       320       388       
384       320       357       388       
321       319       388       320       
326       320       388       319       
322       323       329       389       
333       322       331       389       
331       329       389       322       
325       390       329       323       
325       324       390       323       
324       390       388       325       
390       323       389       329       
384       387       391       357       
384       388       357       391       
326       328       325       392       
390       389       392       329       
328       330       329       392       
328       327       392       326       
326       327       392       384       
326       388       384       392       
384       388       391       392       
390       325       392       388       
326       325       388       392       
390       325       329       392       
329       392       325       328       
393       327       384       392       
384       393       392       391       
328       393       392       327       
327       384       386       393       
328       392       393       394       
328       330       392       394       
394       330       395       338       
331       329       330       395       
389       329       395       392       
330       329       392       395       
338       331       330       395       
394       395       330       392       
331       332       395       338       
332       338       339       395       
331       329       395       389       
340       333       332       396       
332       396       395       339       
395       389       396       331       
340       332       339       396       
333       389       331       396       
333       332       396       331       
331       332       396       395       
334       337       339       397       
334       339       338       397       
395       398       394       338       
339       399       397       337       
339       335       399       337       
373       337       399       335       
373       371       335       399       
335       339       399       341       
373       337       397       399       
335       342       341       399       
335       336       342       399       
336       335       371       399       
342       375       399       336       
336       371       375       399       
398       397       338       400       
397       400       339       338       
398       338       395       400       
400       339       399       397       
400       396       339       395       
400       338       395       339       
340       339       401       396       
342       341       399       401       
400       339       396       401       
399       339       400       401       
342       399       375       401       
341       340       339       401       
399       339       401       341       
402       375       377       371       
399       402       375       401       
402       399       375       371       
345       343       360       403       
360       361       403       343       
343       385       361       403       
346       404       344       348       
345       404       403       360       
404       348       360       345       
404       345       344       348       
348       404       360       405       
360       404       403       405       
348       359       405       360       
347       353       406       349       
349       346       348       406       
353       406       349       362       
347       346       349       406       
404       346       406       348       
348       404       405       406       
348       349       407       359       
362       354       383       407       
405       348       407       359       
349       354       407       359       
349       354       362       407       
349       406       407       362       
407       405       406       348       
349       407       406       348       
352       364       408       350       
362       408       382       350       
364       408       350       382       
353       408       362       352       
353       408       406       362       
362       352       408       350       
407       409       359       354       
407       405       359       409       
407       354       383       409       
356       355       360       410       
355       360       410       359       
356       360       361       410       
360       359       405       410       
357       411       358       387       
356       361       411       410       
411       361       358       387       
387       411       391       357       
356       358       411       361       
412       405       359       410       
405       412       359       409       
361       385       387       413       
411       361       387       413       
360       403       413       405       
360       410       413       361       
410       360       413       405       
412       410       413       405       
410       361       411       413       
360       403       361       413       
403       361       413       385       
414       362       383       407       
414       407       383       409       
362       408       414       382       
407       362       406       414       
383       362       414       382       
362       408       406       414       
363       364       365       415       
416       415       363       417       
363       365       417       415       
382       418       415       364       
382       408       418       364       
382       408       414       418       
415       419       364       365       
381       365       364       419       
419       417       365       415       
382       415       419       364       
382       381       364       419       
416       417       420       421       
421       416       417       415       
421       419       415       417       
422       423       420       417       
421       419       417       423       
421       423       417       420       
421       424       420       416       
421       415       424       416       
424       421       420       423       
367       379       425       366       
378       366       425       379       
367       379       380       425       
376       366       367       425       
425       376       366       377       
377       378       366       425       
376       367       380       425       
376       425       380       426       
367       379       368       427       
369       368       427       367       
367       379       427       380       
369       367       427       380       
369       428       380       427       
370       369       428       380       
371       373       372       429       
378       377       372       429       
373       371       399       429       
372       371       429       377       
402       399       371       429       
373       399       397       429       
402       429       371       377       
397       399       400       429       
402       377       430       429       
402       375       401       430       
425       376       430       426       
377       375       430       374       
402       377       375       430       
377       374       430       376       
377       425       376       430       
377       425       430       431       
425       378       379       431       
377       378       431       429       
425       377       378       431       
377       430       429       431       
379       427       380       432       
379       425       432       380       
425       431       379       432       
426       425       380       432       
425       431       432       426       
380       433       432       427       
428       380       427       433       
433       426       380       432       
382       381       419       434       
382       381       434       383       
382       418       434       415       
383       382       414       434       
382       419       415       434       
382       418       414       434       
414       409       383       435       
414       383       434       435       
386       393       384       436       
384       393       391       436       
386       387       436       384       
384       387       436       391       
403       413       437       385       
387       385       437       413       
386       387       437       436       
387       386       437       385       
387       438       391       411       
391       387       436       438       
387       438       437       436       
387       413       437       438       
411       387       438       413       
392       439       395       389       
395       396       389       439       
392       390       439       389       
388       392       439       391       
392       390       388       439       
436       391       440       393       
440       391       436       438       
439       391       392       440       
391       393       392       440       
392       439       441       395       
393       394       392       441       
439       392       441       440       
436       393       440       441       
394       392       441       395       
393       392       440       441       
394       442       395       441       
398       394       442       395       
400       396       443       401       
398       442       443       395       
398       400       395       443       
396       395       400       443       
395       439       441       443       
442       395       441       443       
395       396       439       443       
400       397       444       398       
397       400       444       429       
400       398       444       443       
442       398       443       444       
401       400       445       443       
400       444       445       443       
399       400       429       445       
444       400       445       429       
399       401       445       402       
402       430       445       429       
402       430       401       445       
401       399       445       400       
402       399       429       445       
405       404       446       406       
405       403       413       446       
413       403       437       446       
405       412       446       413       
405       404       403       446       
407       405       446       406       
409       447       435       414       
407       409       447       405       
405       446       412       447       
409       405       412       447       
407       409       414       447       
405       407       446       447       
414       408       406       448       
407       414       406       448       
414       447       435       448       
407       406       446       448       
414       408       448       418       
414       448       407       447       
447       407       446       448       
412       413       449       446       
447       409       435       449       
447       449       446       412       
409       412       449       447       
413       410       412       450       
413       410       450       411       
412       450       449       413       
413       450       437       438       
411       450       413       438       
437       413       446       451       
437       413       451       450       
413       446       451       449       
450       413       451       449       
422       420       423       452       
420       422       453       452       
454       453       422       452       
455       452       423       420       
424       423       420       455       
455       452       420       453       
448       414       456       435       
435       414       456       434       
448       447       435       456       
448       414       418       456       
418       414       434       456       
419       415       434       457       
421       424       415       457       
418       456       434       457       
418       434       415       457       
421       415       419       457       
421       419       423       458       
421       457       458       424       
421       423       424       458       
458       434       457       419       
457       458       456       434       
421       458       457       419       
457       458       424       459       
452       455       423       460       
423       424       458       460       
460       455       424       459       
424       423       455       460       
460       459       424       458       
425       426       461       431       
425       431       461       430       
425       426       430       461       
426       461       431       462       
426       432       462       431       
433       426       432       462       
428       427       463       433       
432       463       427       433       
464       433       428       463       
464       433       463       465       
429       431       430       466       
461       431       466       430       
444       445       466       429       
445       430       466       429       
445       430       461       466       
461       467       466       431       
432       467       462       431       
461       467       431       462       
432       433       468       463       
465       468       433       463       
465       468       462       433       
462       468       467       432       
432       433       462       468       
434       456       469       458       
435       456       469       434       
447       449       435       470       
435       447       470       456       
435       469       456       470       
436       437       471       438       
436       441       440       471       
440       436       471       438       
472       438       471       437       
437       471       472       451       
440       472       438       471       
437       450       451       472       
438       450       437       472       
443       439       441       473       
441       440       471       473       
440       441       439       473       
472       440       473       471       
473       474       441       443       
441       473       471       474       
442       441       474       443       
442       444       443       474       
444       466       475       474       
443       473       474       475       
475       445       444       443       
445       475       444       466       
443       475       474       444       
461       476       466       467       
476       445       461       466       
475       476       466       445       
470       477       469       456       
477       470       447       456       
448       447       456       477       
449       446       451       477       
447       446       477       448       
447       449       477       446       
470       449       477       447       
451       449       477       478       
470       449       478       477       
451       450       478       472       
450       451       478       449       
471       451       479       472       
478       451       472       479       
451       478       477       479       
474       473       471       480       
454       453       452       481       
452       455       481       453       
482       483       454       481       
453       454       483       481       
460       459       484       455       
452       455       460       484       
452       455       484       481       
485       481       455       453       
485       483       482       481       
485       481       453       483       
486       484       459       455       
485       481       486       455       
484       486       481       455       
486       459       484       487       
457       458       459       488       
457       456       458       488       
469       456       488       458       
469       456       477       488       
469       488       489       458       
459       460       484       489       
459       460       489       458       
489       487       459       488       
487       459       484       489       
459       489       488       458       
483       482       490       485       
490       491       485       482       
485       481       482       491       
461       476       467       492       
467       461       492       462       
462       467       468       493       
465       468       493       462       
462       467       493       492       
468       465       493       494       
495       494       493       465       
468       465       494       496       
464       463       496       465       
468       465       496       463       
495       494       465       496       
497       496       465       464       
497       496       495       465       
466       476       498       467       
492       476       467       498       
466       475       474       498       
476       466       498       475       
499       493       468       467       
493       494       499       468       
492       467       499       498       
499       492       493       467       
469       488       477       500       
470       477       500       469       
488       469       489       500       
470       477       478       500       
480       501       471       479       
480       501       473       471       
472       471       473       501       
472       471       501       479       
478       479       472       501       
474       473       480       502       
502       474       498       480       
480       501       502       473       
498       476       502       492       
475       474       502       473       
502       475       498       474       
476       502       475       498       
479       478       503       501       
480       501       504       502       
502       498       504       480       
479       478       505       503       
500       505       488       477       
505       500       503       478       
479       478       477       505       
500       505       477       478       
501       480       506       479       
480       501       506       504       
503       506       479       501       
503       506       505       479       
489       487       488       507       
484       486       508       481       
481       485       508       491       
486       484       508       487       
485       481       508       486       
487       489       508       507       
487       489       484       508       
509       508       507       487       
508       509       486       487       
490       491       509       485       
508       509       491       485       
508       509       485       486       
507       510       505       488       
500       505       510       488       
507       510       489       508       
507       489       510       488       
488       489       510       500       
490       491       511       509       
511       512       509       491       
509       508       491       512       
495       494       513       493       
498       502       504       514       
492       499       514       498       
499       492       514       493       
498       492       502       514       
515       513       493       514       
499       493       514       515       
493       499       494       515       
513       515       493       494       
516       517       513       495       
516       517       495       497       
495       494       517       513       
513       515       494       517       
497       496       517       495       
494       495       517       496       
498       514       504       518       
514       499       515       518       
514       499       518       498       
505       503       500       519       
507       510       519       505       
505       500       510       519       
503       506       519       505       
518       504       520       514       
504       501       520       502       
504       502       520       514       
506       503       519       520       
506       503       520       501       
504       506       520       501       
520       521       504       518       
521       520       506       519       
521       520       504       506       
519       522       507       505       
522       519       521       506       
522       519       506       505       
522       519       507       523       
524       523       525       507       
524       523       507       519       
510       507       519       524       
525       526       507       509       
509       508       526       507       
509       508       512       526       
525       526       524       507       
510       507       524       526       
512       511       526       527       
526       525       527       511       
511       512       526       509       
526       525       511       509       
510       507       526       508       
527       528       526       512       
525       526       527       529       
528       527       529       530       
527       528       529       526       
515       513       514       531       
514       518       515       531       
513       515       517       532       
513       515       532       531       
516       517       532       513       
520       521       518       533       
518       514       533       531       
518       514       520       533       
531       534       518       515       
534       531       518       533       
531       515       535       534       
532       535       515       517       
535       532       515       531       
533       518       534       536       
533       518       536       521       
521       520       536       533       
536       537       533       520       
521       536       520       537       
522       519       537       521       
521       520       519       537       
523       524       537       519       
536       537       521       522       
522       519       523       537       
537       523       522       536       
537       523       536       538       
525       526       529       539       
539       538       529       525       
524       523       539       525       
539       538       525       523       
525       526       539       524       
538       539       537       523       
523       524       539       537       
530       540       541       528       
529       541       539       526       
541       529       530       528       
541       529       528       526       
530       540       542       541       
540       530       542       543       
543       544       542       540       
542       545       543       530       
542       545       530       541       
529       541       530       545       
529       541       546       539       
529       541       545       546       
539       538       546       529       
536       537       547       533       
534       531       533       548       
534       531       548       549       
531       534       535       549       
535       532       531       549       
550       548       533       547       
533       534       550       536       
548       534       550       533       
547       533       550       536       
549       551       534       535       
548       534       551       550       
551       549       534       548       
547       550       552       536       
536       537       552       547       
537       536       552       538       
553       552       538       537       
538       539       553       537       
553       552       546       538       
538       539       546       553       
552       553       547       537       
546       554       553       539       
546       554       539       541       
546       554       541       545       
545       542       554       541       
545       542       555       554       
544       543       542       556       
557       558       544       556       
544       543       556       558       
556       559       558       543       
559       555       545       556       
545       542       556       555       
556       559       543       545       
542       545       556       543       
556       560       558       559       
557       558       556       560       
557       558       560       561       
562       561       557       560       
555       559       545       563       
563       555       554       545       
554       546       563       545       
553       552       563       546       
554       546       553       563       
547       552       550       564       
552       553       564       547       
550       565       547       564       
550       548       547       565       
550       548       565       566       
548       551       566       550       
551       549       548       566       
564       567       552       568       
565       568       564       550       
564       568       552       550       
565       568       550       569       
565       566       569       550       
566       569       550       551       
563       570       554       555       
552       553       570       564       
563       570       553       554       
553       552       570       563       
567       564       552       570       
570       567       563       552       
560       571       558       559       
560       571       561       558       
561       562       572       560       
560       571       572       561       
555       573       559       563       
563       555       573       570       
573       574       570       555       
575       576       571       559       
573       574       555       575       
571       560       575       559       
559       556       575       555       
556       559       575       560       
559       555       575       573       
576       575       573       559       
577       572       562       560       
571       560       577       575       
572       577       571       560       
574       573       570       578       
570       563       578       573       
570       567       578       563       
567       579       564       570       
567       579       570       578       
568       580       565       564       
568       564       567       580       
579       567       564       580       
568       580       581       565       
569       566       565       581       
569       565       568       581       
580       568       582       567       
579       567       580       582       
579       567       582       578       
581       569       583       568       
580       581       583       568       
580       568       583       582       
578       584       570       574       
578       584       579       570       
584       578       579       582       
572       577       585       571       
575       576       585       571       
571       575       577       585       
576       575       586       573       
576       575       585       586       
587       586       576       585       
573       574       575       586       
578       584       574       586       
587       586       573       576       
587       586       578       573       
574       573       578       586       
588       585       575       586       
588       585       577       575       
587       586       589       578       
584       578       589       586       
584       578       582       589       
582       590       579       584       
582       590       580       579       
582       590       584       589       
583       591       581       580       
582       590       591       580       
583       591       580       582       
590       582       592       589       
591       583       593       582       
590       582       593       592       
590       582       591       593       
589       594       592       590       
589       594       590       584       
589       594       584       586       
589       594       586       595       
587       586       595       589       
585       588       595       586       
586       587       595       585       
596       595       586       594       
596       595       588       586       
592       597       590       594       
597       592       598       594       
594       589       592       598       
594       589       598       595       
593       599       591       590       
593       599       590       592       
592       597       599       590       
592       597       600       599       
599       593       600       592       
597       592       600       598       
601       598       594       597       
596       595       594       601       
598       601       594       595       
601       598       597       602       
602       600       597       599       
600       602       597       598       
