0.51412345579128627 0.01468902935818317 0 
0.51340094120698421 0.0099216262151600142 0.0032499999999999261 
0.51210545314038414 0.0075027990882369265 0 
0.5149999999999999 0 0.0033333333333333327 
0.50737581596762138 0.015001534365550776 0 
0.50599771630019086 0.0063706395501401045 0 
0.5099999999999999 0 0 
0.51236192895310628 0.031543881743419745 0 
0.50570099823935577 0.024594045508275323 0 
0.51262256192928146 0.022155718111063365 0 
0.50379288760818886 0.053616465068675512 0 
0.51227286553855889 0.031413515723744907 0.0033333333333333149 
0.51182876736431693 0.041043071828935282 0 
0.51088140029896612 0.050478222925574169 0 
0.50977344008420344 0.059901665608262322 0 
0.50854925491763925 0.069362325361508687 0 
0.50715674688161916 0.078752720636417625 0 
0.50563618994133519 0.08810331592825392 0 
0.50557198931926028 0.088081631269062655 0.0066666666666666662 
0.51575525671687827 0.06630385231866201 0 
0.51445849593748749 0.075712603069263543 0 
0.49772217426979942 0.12524156047284349 0 
0.50392267964237891 0.097440985069109518 0 
0.49528751856385184 0.13434790373832842 0 
0.51687992223139245 0.056872980110776322 0 
0.51783224400324324 0.047423143655240335 0 
0.51861197355464372 0.037957500161687995 0 
0.52429055448898643 0.043880370689395889 0 
0.51921886240780668 0.028479206839753822 0 
0.51965266208494487 0.018991420899071531 0 
0.51991312410827173 0.0094972995492756986 0 
0.52000000000000002 0 0 
0.50309082273486294 0.13152518893627752 0 
0.50566801772939884 0.024668379392335796 0.0066666666666666662 
0.51259093443957005 0.022108822211797802 0.0066666666666666662 
0.51965266208494487 0.018991420899071531 0.0066666666666666645 
0.51410455804497279 0.014711672195227336 0.0066666666666666662 
0.52504673588953521 0 0.0039297610876359102 
0.51991312410827173 0.0094972995492756986 0.0066666666666666662 
0.50719110489682928 0.015008711502206307 0.0066666666666666662 
0.51226253883405048 0.0073777626679648912 0.0066666666666666662 
0.52000000000000002 0 0.0066666666666666662 
0.5099999999999999 0 0.0066666666666666654 
0.50592643442479102 0.0063277938804836963 0.0066666666666666662 
0.49999999999999972 0 0.006666666666666668 
0.49991031926252411 0.009462052805479057 0 
0.49964145423391193 0.018920706942321262 0 
0.49999999999999972 0 0 
0.49423187449439343 0.0055703885786723365 0 
0.49482111440673598 0 0.0063814121213506781 
0.49353588181166841 0.02415224020246292 0 
0.50560506900467828 0.034161534134029489 0.0066666666666666662 
0.50554316239504671 0.034149381767743278 0 
0.4991936706898864 0.028372585409779966 0 
0.49168176210512637 0.032425566311705616 0 
0.50847616388678285 0.069343987175031985 0.0066666666666666662 
0.50130933745759765 0.072380536080014407 0 
0.4956186668741025 0.066044802570843955 0 
0.50977567905529841 0.059872897320694111 0.0066666666666666662 
0.50476654488319594 0.044003884431577697 0 
0.49856723440616985 0.037814311207108368 0 
0.50257397680966509 0.062997327863308708 0 
0.50378826183247116 0.053616211413008125 0.0066666666666666662 
0.49677946672255535 0.056653796788387167 0 
0.4977624111584853 0.047242507333559711 0 
0.50257397680966531 0.06299732786330868 0.0066666666666666662 
0.51921886240780668 0.028479206839753822 0.0066666666666666645 
0.51861197355464372 0.037957500161687995 0.0066666666666666662 
0.51238727228209235 0.031515102980450661 0.0066666666666666662 
0.51087111315862643 0.05044440574890903 0.0066666666666666662 
0.5047766027236974 0.044002672592824726 0.0066666666666666662 
0.51184973327807792 0.040975868451493598 0.0066666666666666662 
0.51687992223139245 0.056872980110776322 0.0066666666666666636 
0.51783224400324324 0.047423143655240335 0.0066666666666666636 
0.52541881533369117 0.0617083693407195 0 
0.51575525671687827 0.06630385231866201 0.0066666666666666654 
0.51179409940997411 0.060861897347254793 0.0099612863556901594 
0.49825767142560923 0.091069529291174053 0 
0.49987132220771102 0.081738912451828613 0 
0.49428027738884983 0.07541214768018327 0 
0.49236359724444939 0.1188583199472507 0 
0.48949678678917391 0.1180953319320756 0.0029166666666666356 
0.4964696122459189 0.10036888340898401 0 
0.49450194490421651 0.10963302692728849 0 
0.50200676663267829 0.10673038551510121 0 
0.49997768229148692 0.11600524669488529 0 
0.49272368443575904 0.1434772066635657 0 
0.50060495469856292 0.14069179930626258 0 
0.48999011311680996 0.15255763066865002 0 
0.48716061719597176 0.11257779038126466 0 
0.48920397586574288 0.10333856573115251 0 
0.49107223230016017 0.094062354115699451 0 
0.49276459571633596 0.084752449382686376 0 
0.48797818854696118 0.058451308906390588 0 
0.48493482392213549 0.14627625350657611 0 
0.48758586409234461 0.13718443659520824 0 
0.49006221170186892 0.12804353866687881 0 
0.4849429470737347 0.12177673421825516 0 
0.48255175628191938 0.13093210339434322 0 
0.47998783560341357 0.14004060406174804 0 
0.48708439391239539 0.16158362571374113 0 
0.48211256989637818 0.15531604009395433 0 
0.48503791421074383 0.14619937098996436 0.0066666666666666662 
0.48224402624885054 0.15522426372299447 0.0066666666666666662 
0.47126784639851466 0.16705199126443038 0 
0.47434497418157995 0.15810382293429276 0 
0.4772519758211054 0.14909894237268886 0 
0.46802187300145487 0.17594030444178796 0 
0.47912172647624374 0.16430089106957901 0 
0.48401357429124131 0.17055451695206478 0 
0.47596534717829159 0.17322860249310409 0 
0.48077893527327242 0.17946738640937934 0 
0.49991031926252427 0.0094620528054788697 0.0066666666666666654 
0.49964145423391226 0.018920706942321182 0.0066666666666666662 
0.49577772212478904 0 0.013182506782461374 
0.49919367068988668 0.028372585409779872 0.0066666666666666662 
0.48626395485476959 0.027622418835693809 0 
0.50540899193888744 0.12231473498000628 0 
0.51134991340717828 0.094451106280023442 0 
0.51298989413196971 0.085096072665155578 0 
0.50755872299562388 0.11306351690610354 0 
0.5095392765900586 0.10377461418322434 0 
0.49987132220771119 0.081738912451828544 0.0066666666666666662 
0.50130933745759776 0.072380536080014407 0.0066666666666666662 
0.50385297132012197 0.097408082871419319 0.0066666666666666662 
0.49646961224591918 0.10036888340898389 0.0066666666666666662 
0.49825767142560951 0.091069529291173915 0.0066666666666666662 
0.50711016342297144 0.078726084054774881 0.0066666666666666662 
0.51445849593748749 0.075712603069263543 0.0066666666666666662 
0.51134991340717828 0.094451106280023442 0.0066666666666666662 
0.51298989413196971 0.085096072665155578 0.0066666666666666654 
0.50633128160414076 0.087581228030220851 0.011369331961046615 
0.52205159510966614 0.10157476753310256 0 
0.52955255801074097 0.071019769475585484 0 
0.52354511121301539 0.081713001102706434 0 
0.5095392765900586 0.10377461418322434 0.0066666666666666662 
0.50540899193888744 0.12231473498000628 0.0066666666666666645 
0.49773342106461782 0.12514143536131164 0.0066666666666666662 
0.49006221170186925 0.12804353866687879 0.0066666666666666662 
0.5000065505511776 0.11594182282560009 0.0066666666666666662 
0.50755872299562388 0.11306351690610354 0.0066666666666666654 
0.50460944055883872 0.10084755574527418 0.012679455330426474 
0.5019690928244317 0.10669704763076171 0.0066666666666666662 
0.48772018258787919 0.13708490845180588 0.0066666666666666662 
0.49541849602444588 0.13440266408647328 0.0066666666666666662 
0.48920397586574316 0.10333856573115252 0.0066666666666666645 
0.47738034174135963 0.18831872859415527 0 
0.47264284458379463 0.18209533629228858 0 
0.47382718456114015 0.19713154306977643 0 
0.4700988897214991 0.20586167367717564 0 
0.46621698275062556 0.21453231621739832 0 
0.43619112859067827 0.22943678925666663 0 
0.46915491543227172 0.1908976300162368 0 
0.46550719159613579 0.19964853420917542 0 
0.4616959589230733 0.20834299849207419 0 
0.46460835030875436 0.18476563287701453 0 
0.46102857463876695 0.19352484698075961 0 
0.45728384230984631 0.20221481716367223 0 
0.44507286873032886 0.2278379681410658 0 
0.45360368794300343 0.22569255155302756 0 
0.45769857225770721 0.21696768417170412 0 
0.45565822609597662 0.22134889480517358 0.0033353748061547093 
0.52748605990716646 0.076784254221089601 0.0077469807242956951 
0.52611816014373591 0.093357161659053389 0 
0.52621959417370678 0.052540619031701041 0 
0.52357124991543558 0.045592522698199973 0.0059197808165334948 
0.52912806839650184 0.035496321593766852 0 
0.53025157797355105 0.024846400251022312 0.0070873470586413374 
0.53450766621607337 0.04659562640167593 0 
0.53027245537915546 0.023630245853588718 0 
0.53694989034000962 0.012198785304939222 0 
0.53045647364543447 0 0 
0.50060495469856292 0.14069179930626258 0.0066666666666666645 
0.50309082273486294 0.13152518893627752 0.0066666666666666662 
0.48899976094534403 0.1768583001394741 0 
0.49795212714500114 0.149811486621307 0 
0.49214859522866039 0.16789777454038074 0 
0.49513307938919066 0.15888117141275584 0 
0.51334773297197889 0.14349976583260954 0 
0.50989932167431018 0.15141066668386116 0 
0.51171451492035025 0.13348405037210156 0.0051502362807306365 
0.51565544497371929 0.13207732101956629 0 
0.51963467378806605 0.12386722351391477 0 
0.44643340992096375 0.25591632159087735 0 
0.48568778811636326 0.18575982130584104 0 
0.47857927461280958 0.20337414673664767 0 
0.48221388868956844 0.19459941213854465 0 
0.42072197548397755 0.29390710959744049 0 
0.47478515783393738 0.21208109919921342 0 
0.47083275030080152 0.22071734362530504 0 
0.4667232639612528 0.22927995411398538 0 
0.44402112288966505 0.24278634803848256 0 
0.46215616145061089 0.22321259248382233 0 
0.44921607833527477 0.23452322057847755 0 
0.45804276886496126 0.23189962186911658 0 
0.45361869070404387 0.24043969473220272 0 
0.46245791173469608 0.23776600431705161 0 
0.44130180326250129 0.26182901126383334 0 
0.44889386761479927 0.24862793598479169 0 
0.44049282972736709 0.25251319252880905 0 
0.4465732636317844 0.25601800485268239 0.0033333333333333171 
0.44642495332652182 0.25595413749948831 0.0066666666666666662 
0.43430476054644707 0.26035884343252486 0 
0.43640617600723891 0.26986478196451841 0 
0.40183164410139421 0.30835317850540994 0 
0.41307500468682234 0.2931167895383891 0 
0.40752502690309039 0.30078739345820554 0 
0.42932670699651759 0.26881952711085577 0 
0.42656642600505429 0.26084534061219455 0 
0.4215538289551693 0.2688710798077254 0 
0.42626847586525585 0.28604441637230277 0 
0.41107784075223641 0.28463101560177456 0 
0.431600259469539 0.27818988201139078 0 
0.42405253514885938 0.27737889010006295 0 
0.41639037722617683 0.27680060089426678 0 
0.41850887041913931 0.28537303506636924 0 
0.40373867216543413 0.31678358159471143 0.0066666666666666662 
0.40958537785757798 0.30927917037901009 0.0066666666666666662 
0.40375140211345484 0.31680327643031925 0 
0.40953971194954258 0.30927373130412289 0.0033333333333333904 
0.40955453254755853 0.30930070199729059 0 
0.43367841116169425 0.28691894435374227 0 
0.38391753056835826 0.3303960710717142 0 
0.39176209258855632 0.33149111145876548 0 
0.39781917132836087 0.32420114721467214 0 
0.44925827345418051 0.23450469432948537 0.0066666666666666662 
0.44068138973846938 0.23621969707211032 0.0066666666666666662 
0.44068138973846932 0.2362196970721101 0 
0.43613197633086398 0.24451676097434252 0 
0.43142639844167247 0.25272627157771893 0 
0.43196296178637139 0.23440148923011037 0 
0.39002596454269589 0.32316007707203448 0 
0.50619886809714187 0.024902717747816057 0.013108533717748175 
0.51392823065528326 0.021117895852631133 0.011801040670149757 
0.51434157741917563 0.010438992674349281 0.013093837524165933 
0.53447580802822092 0.026330096250943631 0.019135725909377791 
0.52313983504962303 0.016092632073148264 0.014645990969584691 
0.53127470590986681 0 0.015123179800933216 
0.52078832931114005 0 0.018056448086454253 
0.50430208091715445 0.012510724458369874 0.015691281508074421 
0.51019631942222243 0 0.020689452313965122 
0.50315851231388042 0 0.018068813869341158 
0.49551847643700447 0 0.023228143891844084 
0.48697073233300309 0.014054066033594026 0 
0.48666296230893835 0 0.012749290808007175 
0.48933890915163281 0 0 
0.44930469294862041 0.21937450740959732 0 
0.45337544964034632 0.21083241383640172 0 
0.43009650325789123 0.22632020889944579 0 
0.39599735304059919 0.31581132920406307 0 
0.38837391929256632 0.31490485091466414 0 
0.40561798946750777 0.292359435660204 0 
0.40001263815348037 0.29998298824189312 0 
0.3942638814603745 0.30749898564328515 0 
0.39397033179214108 0.28590076212934223 0 
0.52284160706358329 0.14245641617984561 0 
0.52639170882208486 0.13412916719819451 0 
0.5429971034705604 0.058829891823435787 0 
0.50349332185598406 0.036623202205571311 0.014889276676443245 
0.48857975153540717 0.028790877819895318 0.0077536735012271336 
0.49856723440617023 0.037814311207108389 0.0066666666666666654 
0.48953053192485896 0.041639353202600551 0 
0.49020843639833334 0.050577949776534514 0 
0.48386149327771166 0.034320745276280214 0 
0.50778419678222775 0.068212618013164319 0.013347556135008713 
0.49428027738885016 0.075412147680183367 0.0066666666666666662 
0.48267223548966287 0.068345080127062807 0 
0.48476191436925531 0.077206823780541819 0 
0.49561866687410283 0.066044802570844038 0.0066666666666666645 
0.50207179584338857 0.055372291140015698 0.012726945725781095 
0.49776241115848557 0.047242507333559593 0.0066666666666666654 
0.49677946672255546 0.056653796788387147 0.0066666666666666645 
0.49757885206186503 0.066978952688802343 0.012823229873726253 
0.52259267620829697 0.038262707666192781 0.01597045637813305 
0.51168870214465612 0.052303043718229372 0.018807819591230294 
0.52469637704908145 0.05952433997621244 0.010964673901956214 
0.51916190983171873 0.068233127434798493 0.01372715455861501 
0.49107223230016045 0.094062354115699409 0.0066666666666666645 
0.49276459571633618 0.084752449382686307 0.0066666666666666662 
0.4829792424750039 0.095821849397823899 0 
0.49236359724444956 0.11885831994725077 0.0066666666666666662 
0.48716061719597203 0.11257779038126475 0.0066666666666666662 
0.48494294707373498 0.12177673421825523 0.0066666666666666654 
0.49450194490421673 0.10963302692728849 0.0066666666666666662 
0.49354064551676724 0.10376715583184101 0.0117355223686102 
0.49005879094826127 0.15256319272409066 0.0066666666666666662 
0.49286186898072465 0.1435178614757682 0.0066666666666666662 
0.48721198323908826 0.16154686239299534 0.0066666666666666662 
0.48420743491950718 0.17049574817665381 0.0066666666666666662 
0.49795212714500114 0.149811486621307 0.0066666666666666645 
0.49214859522866039 0.16789777454038074 0.0066666666666666645 
0.49513307938919066 0.15888117141275584 0.0066666666666666645 
0.49630040654286289 0.18588070268388207 0 
0.47232950828660886 0.1142288976277111 0 
0.47697156699602761 0.1034855611727829 0 
0.48457718443415543 0.058944148466813076 0.009213170742111922 
0.4830071093036849 0.08672041670516574 0 
0.47541008428588533 0.092301273067815826 0 
0.47420887757423547 0.049748870419955724 0 
0.470944978503885 0.074570906063390299 0 
0.47725197582110562 0.14909894237268898 0.0066666666666666654 
0.48408964186000741 0.14321169014149274 0.012475817779661672 
0.47998783560341413 0.14004060406174809 0.0066666666666666662 
0.48255175628191965 0.13093210339434325 0.0066666666666666662 
0.47015443210663099 0.141449182285799 0 
0.47318463323248949 0.12556079752129906 0 
0.47449563044370108 0.13423948083520931 0 
0.47434497418158028 0.15810382293429295 0.0066666666666666654 
0.47925965621051236 0.16424148566587465 0.0066666666666666662 
0.47126784639851493 0.1670519912644306 0.0066666666666666662 
0.48350775903846566 0.15620446953947251 0.010867623063314015 
0.45297628317849531 0.18567969412278412 0 
0.45806874989800916 0.16670864251623144 0 
0.46471281463361708 0.15932853929638055 0 
0.46566560724767597 0.15001130591703729 0 
0.46464057602168196 0.13182608314208241 0 
0.46053282160102277 0.14202654555033051 0 
0.46301769201168441 0.12117864842693594 0 
0.48899976094534403 0.1768583001394741 0.0066666666666666662 
0.45843906270798634 0.17709901736092712 0 
0.46802187300145492 0.17594030444178818 0.0066666666666666645 
0.47753201645645577 0.18827162969474562 0.0066666666666666662 
0.47608220063402906 0.17320527350252898 0.0066666666666666662 
0.48087538143858982 0.17940319811398273 0.0066666666666666662 
0.47275394093999823 0.18209311494607541 0.0066666666666666662 
0.49176129154515769 0.018583935704509783 0.023359778651951716 
0.49817937309402266 0.029154717037282347 0.02225030949501822 
0.47318238193853518 0.02769316583329566 0 
0.5185257910369826 0.11922569867401758 0.0053671387944921331 
0.51708994761212113 0.10899637054234659 0.012341657006566756 
0.52163575111873151 0.093435991726626325 0.007424429650885191 
0.52360185091673717 0.11418055949200778 0 
0.49904792151543065 0.079363501271358619 0.015620592962378391 
0.50100927361521552 0.093597012801284032 0.017596000209062716 
0.51257198745118826 0.075472924089063045 0.020159795795561711 
0.51983703489142608 0.086645998289284723 0.019779075508541303 
0.53537052737120727 0.10123129253077813 0 
0.54477402489942561 0.082340176795623068 0 
0.54005651790008624 0.12025291609699522 0 
0.50804219066975453 0.10954859272792108 0.020604333540242385 
0.50480066490899589 0.12375506736349109 0.01358673205143646 
0.48834446678028265 0.12930977343038827 0.014843103027753327 
0.4960273260523449 0.12527230930260422 0.013417139587869446 
0.49999089413292763 0.11463410096681301 0.010897683256969383 
0.49230345950460869 0.13689500261160617 0.021740265044177646 
0.47421485958280141 0.12247090644531203 0.018848256365556097 
0.48020316456973433 0.104043139685667 0.010717539928654153 
0.46925466735995824 0.1908845444494171 0.0066666666666666662 
0.47398449755658179 0.19711559210896173 0.0066666666666666662 
0.46460835030875458 0.18476563287701483 0.0066666666666666654 
0.44507286873032909 0.22783796814106591 0.0066666666666666654 
0.43333728897584439 0.22778383318254497 0.0041057990430600775 
0.43846942446288628 0.23164070305504209 0.0044987039918394931 
0.43641250242360474 0.21944528250782899 0 
0.46635189534950217 0.21462649140833814 0.0066666666666666662 
0.47025440016663572 0.20589847503637904 0.0066666666666666662 
0.46564774358906902 0.199637517581288 0.0066666666666666662 
0.46176064230425456 0.20832177830022441 0.0066666666666666662 
0.44165082432470493 0.22211135198587056 0.0050932448721377485 
0.44930469294862058 0.21937450740959752 0.0066666666666666645 
0.45337544964034637 0.210832413836402 0.0066666666666666654 
0.44794194198940623 0.2023996118719685 0 
0.44109697533382031 0.19909678394353875 0 
0.46102857463876706 0.19352484698075992 0.0066666666666666654 
0.45728384230984648 0.20221481716367254 0.0066666666666666645 
0.45542209849282 0.18472291061761673 0.005666168456901711 
0.44972833112046984 0.19486824640294498 0 
0.44340026498348251 0.18913254074199676 0 
0.45352997395461359 0.22564249686790697 0.0066666666666666662 
0.45781661841682642 0.21701960798595479 0.0066666666666666662 
0.46217207984126496 0.22309350004162343 0.0066666666666666662 
0.44799834354781659 0.2227549285034483 0.01100150345110046 
0.44694054463157573 0.23114264145259839 0.01127738829124786 
0.53563258825869486 0.081770743036126817 0.020264417773093017 
0.53783830117320697 0.052128194378226536 0.01895973723276018 
0.55396089440536678 0.033103053387063285 0 
0.55576658331306339 0 0 
0.54226719938639178 0.037660997374574852 0.03328390433883139 
0.57051195437633606 0 0.033272660092191583 
1 0 1 
0.50810091121538659 0.14802481666614362 0.011879076872169606 
0.5100348142758806 0.13070666698126368 0.017109188005203117 
0.51999967931814717 0.14732793640129513 0.0053998300112388939 
0.49986963157361597 0.1777779329184076 0 
0.50728165961528848 0.16151152246627021 0 
0.50122566395330848 0.16851997075084335 0 
0.51737469949391279 0.16331718120759028 0 
0.52406289684925644 0.15222120910469231 0 
0.52375616357213994 0.13599780849466295 0.0078686020432605103 
0.53489216045577559 0.12843026501929322 0 
0.45803804390006048 0.24617260772093172 0 
0.4534652835097337 0.25449703281614255 0 
0.43786154444952713 0.26461986935788129 0.0032312731850081293 
0.43680876622402659 0.27386844902087304 0.0037037037037037546 
0.44874128530222479 0.26273657931485661 0 
0.44386770401604264 0.2708885469292463 0 
0.43884619438969602 0.27895023537148406 0 
0.47857927461280958 0.20337414673664767 0.0066666666666666645 
0.47464285166493925 0.20301444117550238 0.01220227444388872 
0.48673209777960597 0.21208696029986526 0 
0.48221388868956844 0.19459941213854465 0.0066666666666666662 
0.48568778811636326 0.18575982130584104 0.0066666666666666654 
0.49317736483268237 0.19594763542081789 0 
0.4791763406411369 0.19606674420568321 0.011715830047333621 
0.48743158794527602 0.20274876229802041 0 
0.50620174016789476 0.18557625571220426 0 
0.51554178339978818 0.17528966471124618 0 
0.50233002399929294 0.19510587528679238 0 
0.42073400604321848 0.29390929410645206 0.0033333333333332997 
0.41524193278721561 0.30166946360389546 0 
0.42836600907054584 0.29479197358819348 0.0066666666666666662 
0.42836600907054584 0.29479197358819348 0 
0.42291064285475982 0.30256662278701019 0 
0.39781849267300379 0.32418968146278704 0.0066666666666666662 
0.39599735304059946 0.31581132920406313 0.0066666666666666662 
0.46887538896329517 0.24727155270660539 0 
0.4667232639612528 0.22927995411398538 0.0066666666666666662 
0.47083275030080152 0.22071734362530504 0.0066666666666666645 
0.46971578075032921 0.21391993546314508 0.014947007614718125 
0.47478515783393738 0.21208109919921342 0.0066666666666666654 
0.48328096755483585 0.222008115196343 0 
0.47122702728380911 0.23786574533083238 0 
0.4793466692860559 0.23116558536183898 0 
0.44406705399799079 0.24301996395316675 0.0066666666666666662 
0.45362688525625972 0.2404586659327084 0.0066666666666666662 
0.44893723186283846 0.24868248331344703 0.0066666666666666662 
0.45803804390006048 0.24617260772093172 0.0066666666666666662 
0.45800332424244689 0.23197645806301931 0.0066666666666666662 
0.46245791173469608 0.23776600431705161 0.0066666666666666654 
0.44138841361987946 0.26167317641557764 0.0066666666666666662 
0.4405935166226248 0.25255257537336578 0.0066666666666666662 
0.43613197633086409 0.24451676097434266 0.0066666666666666662 
0.43142639844167258 0.25272627157771904 0.0066666666666666654 
0.45163157431185474 0.23741284453109845 0.011602582030133259 
0.40183164410139433 0.30835317850541005 0.0066666666666666662 
0.40001263815348054 0.29998298824189329 0.0066666666666666654 
0.44874128530222479 0.26273657931485661 0.0066666666666666654 
0.4534652835097337 0.25449703281614255 0.0066666666666666654 
0.44328279643070179 0.25218284378860084 0.013735765077137588 
0.44734595405192223 0.25646926425658606 0.0098722466563006001 
0.42945684252267874 0.26916783602115629 0.0066666666666666662 
0.43408323168803209 0.2603501359284987 0.0066666666666666662 
0.43670611152928829 0.26989459159403728 0.0066666666666666662 
0.41518684937654138 0.30161423646793611 0.0066666666666666662 
0.4075250269030905 0.30078739345820565 0.0066666666666666662 
0.41307500468682251 0.29311678953838927 0.0066666666666666662 
0.44015597941104284 0.26691259827674624 0.011341952978009886 
0.41107784075223652 0.28463101560177462 0.0066666666666666636 
0.40561798946750782 0.29235943566020423 0.0066666666666666645 
0.402377967469987 0.28143918844291904 0 
0.42656642600505451 0.26084534061219478 0.0066666666666666662 
0.41224264787998061 0.26291202511971651 0 
0.40662699869107 0.27272914257141745 0 
0.41829253238094732 0.24920771265261668 0 
0.42155382895516952 0.26887107980772557 0.0066666666666666654 
0.43884619438969602 0.27895023537148406 0.0066666666666666654 
0.43367841116169425 0.28691894435374227 0.0066666666666666662 
0.42620459255531506 0.28593516248249501 0.0066666666666666662 
0.41639037722617706 0.276800600894267 0.0066666666666666662 
0.43168170967601649 0.27802138499529377 0.0066666666666666662 
0.4239599161992777 0.27744887808990504 0.0066666666666666662 
0.4185467851371456 0.2853781594500257 0.0066666666666666662 
0.42089328975621298 0.29385776262267943 0.0066666666666666662 
0.38556700089500145 0.33866526020251131 0.0066666666666666662 
0.38556700089500134 0.33866526020251125 0 
0.4173139861679912 0.31024019606486741 0.0066666666666666654 
0.41039641483042077 0.30866018447530313 0.011205496761178104 
0.40508483583701149 0.316417447751773 0.010042038484345874 
0.40570456797161081 0.32527402816637518 0.0066666666666666654 
0.40570456797161081 0.32527402816637518 0 
0.41157794305043094 0.3178101358637957 0.0066666666666666654 
0.41157794305043094 0.3178101358637957 0 
0.4173139861679912 0.31024019606486741 0 
0.4204277714533205 0.31405414398916781 0.0034692996406177077 
0.37434970059909495 0.36091849077058907 0 
0.38087888372400769 0.35402095871980449 0 
0.39969591771554475 0.33262946478793592 0.0066666666666666662 
0.39355404906624625 0.33987403754380779 0.0066666666666666645 
0.39969591771554475 0.33262946478793592 0 
0.38728101880772947 0.34700533824932067 0 
0.39355404906624625 0.33987403754380779 0 
0.4647131371969847 0.25579509209733542 0 
0.45773742319344995 0.26208906179549729 0 
0.44182409121125321 0.29600762051688662 0 
0.44760698462643772 0.28809342701659357 0 
0.40910765898244955 0.33353710574540785 0 
0.35815979064092823 0.35815942547392376 0 
0.35950922691218717 0.36621386184874538 0 
0.36621330732159069 0.3595086261676238 0 
0.37924577266541493 0.34573219366486369 0 
0.37279511739361043 0.35268225201408343 0 
0.38113987826367041 0.32912600183839902 0.00296296296296304 
0.37767480932235031 0.33751700870136975 0 
0.37129518186731281 0.34451669309115751 0 
0.36478785818424142 0.35139654967046163 0 
0.37767480932235048 0.3375170087013698 0.0066666666666666662 
0.38234495161836818 0.32219800822408651 0 
0.37617917840609216 0.32937588173960786 0 
0.36344601524055647 0.34337547406117264 0 
0.36987879962405085 0.33643589562928461 0 
0.38534355161324341 0.33876225979002911 0.009583418291687686 
0.38391753056835831 0.33039607107171437 0.0066666666666666662 
0.39176315924347505 0.33148576535679847 0.0066666666666666662 
0.390025964542696 0.32316007707203454 0.0066666666666666662 
0.37924577266541493 0.3457321936648638 0.0066666666666666662 
0.37285357187614782 0.35273714355231922 0.0066666666666666662 
0.34573551125616819 0.37925019856853937 0 
0.35140302164998177 0.36479537765223841 0 
0.35155066906517152 0.36182748065363118 0.0033754829631180276 
0.35688302522392135 0.35019204120332825 0 
0.35019204120332798 0.35688302522392157 0 
0.33041340939523361 0.38391283018472427 0 
0.34452011644675223 0.37129584349565764 0 
0.33752642203153232 0.37767130701027912 0 
0.34337547406117247 0.36344601524055675 0 
0.33643589562928428 0.36987879962405118 0 
0.32937588173960758 0.37617917840609238 0 
0.3231914292331432 0.39002496020696437 0 
0.32422234196376659 0.39791054368572559 0 
0.4390282245383767 0.23676854856265978 0.012423559209667537 
0.43072733998132434 0.23637580806745201 0.0057147741068813715 
0.42257043819570067 0.24724828421326733 0.0092812950965377467 
0.4253981527373128 0.24055603484689198 0 
0.42403256710738246 0.23064701809747715 0 
0.41335811915777115 0.23376840642729615 0 
0.38234495161836823 0.32219800822408656 0.0066666666666666645 
0.38837391929256648 0.31490485091466436 0.0066666666666666662 
0.39083897936437068 0.270798349519978 0 
0.3843883321750613 0.27960898726113642 0 
0.37643881902255116 0.31033114889998059 0 
0.51131864146191541 0.020107261276422764 0.0285189990082741 
0.50879555575864299 0.036870149710470541 0.03900065936426262 
0.52572975266747812 0 0.039695415243050647 
0.50122613587319376 0 0.034031273140321477 
0.47757851862926887 0 0.037432909070709432 
0.46297944899516419 0 0 
0.43623754765853973 0.20944887370458073 0 
0.42438934349850982 0.22468021234366214 0.0080359086726527491 
0.42037017315926167 0.21704236669173452 0 
0.42418078482571631 0.19193304815532997 0 
0.39426388146037472 0.30749898564328526 0.0066666666666666662 
0.38056717347197366 0.30016299243583666 0 
0.39775360585915426 0.29197128850880838 0.0072635807410250681 
0.38775837995447554 0.29337856027618386 0 
0.39172411712283084 0.28344165997151755 0.0061024531577271186 
0.3949471263568714 0.29820795566754266 0.0051492285185896223 
0.40516388174287093 0.24478730705335608 0 
0.39784198794624098 0.25931493302087333 0 
0.38955221852115551 0.31315168049032721 0.013329594277460447 
0.40228517384977086 0.31241020614056503 0.013413208016165527 
0.39221043933125366 0.27317595816061396 0.0075201798922309732 
0.5382790058034671 0.14718330592298748 0 
0.54979531178281915 0.1322583124543921 0 
0.57949869674293175 0.063882052363775227 0 
0.48192596126678866 0.04257582354659973 0.025629701360402997 
0.49799369797193249 0.065262165490489424 0.02628367474470867 
0.48512842117878024 0.074848971980556803 0.013412488269030468 
0.48807746177329692 0.061281967770915338 0.018525242639328258 
0.51923048548786277 0.062540336225201512 0.036351839606704191 
0.48253526852902506 0.092638667172131109 0.023815428458829897 
0.49227267260121688 0.11305214877822137 0.019165202153149322 
0.48991978659648233 0.15678306538187428 0.019371912055661692 
0.48570972036190779 0.1725737759004172 0.013343719372264144 
0.50252772010209779 0.16720641965103858 0.015141793984453925 
0.49669456820518154 0.18341173072778241 0.0088982487890010304 
0.45383202533371586 0.10033590529785279 0 
0.46839011144922604 0.074203021968984109 0.020247074310105643 
0.42994054434870471 0.045314324244078573 0 
0.46926196784261376 0.14917159514040226 0.019289347769928192 
0.46037653137349543 0.13056088885921521 0.014911307666493404 
0.46012197077453854 0.16893686744730371 0.010945497365337399 
0.47509508492078012 0.16713104670517034 0.015297609072324195 
0.4417184742255047 0.17290210200856521 0 
0.44975741033600225 0.15301762791532222 0 
0.44535800460694897 0.12933903256337467 0 
0.4221738310211321 0.15405719822992689 0 
0.48209136276651432 0.18741193539283965 0.014712362817483119 
0.46313369273133159 0.18064133205480096 0.01492808268890428 
0.47367733667663864 0.18046574522461059 0.012485832467326877 
0.47772454018976462 0.16998788766353554 0.022592261448358245 
0.48626446454749328 0.038003938054290816 0.052015266471077362 
0.46316674343227388 0.043386852596495447 0.045021418876515347 
0.51949506854995342 0.03571957282935246 0.061445832749410637 
0.53122745803164861 0.11845379159136862 0.023267608481905403 
0.50854217881344066 0.094696560937081703 0.038094808962488187 
0.56895493403232078 0.11225703735082014 0 
0.49992568521024211 0.1218063746257653 0.033626337154115123 
0.49189857002267873 0.14725974771749775 0.038266350614848739 
0.46492379851065524 0.11542360159333934 0.033716576912355196 
0.46830401226496887 0.19758381016239851 0.022845965945532513 
0.43527304463080152 0.21932310871242683 0.015427202949748312 
0.46137979015189201 0.20671285285906565 0.015413999405462734 
0.44714013251331763 0.21087193122303766 0.01262450224093992 
0.44586434596826657 0.1816661497157204 0.017496375637641896 
0.44155225457417535 0.19694575789480612 0.0097273032703444357 
0.45253552789216844 0.19518603663281636 0.012901182451044105 
0.45810874648715016 0.22500395656689648 0.018468963020109478 
0.44469931892542958 0.22970247664849247 0.020276734245673726 
0.54693916359381978 0.079605464383965277 0.038478541164157505 
0.58049696625061453 0.061521360042991816 0.036566939194510269 
0.55973444600559752 0.052893967463297345 0.058698539842775857 
0.61848651818497269 0 0 
0.75678567911873407 0 0 
0.61037844234882666 0 0.088365790754630427 
0.55630425274941186 0 0.072055836265741399 
1 0.24999999999999994 1 
0.74999999999999989 0 1 
0.80946780654633532 0 0.74960101397412715 
1 0 0.74999999999999989 
0.83194636837973213 0.25380017943660677 1 
0.66826366647842261 0.27663451001265116 1 
1 0.74999999999999989 1 
0.347005338249321 0.38728101880772903 0 
0.35268343350573544 0.37278987673384173 0 
0.35962177853796085 0.36636296207754909 0.0066666666666666662 
0.36769552621700485 0.36769552621700452 0.0066666666666666654 
0.36769552621700485 0.36769552621700452 0 
0.36091849077058946 0.37434970059909461 0 
0.35402095871980488 0.38087888372400724 0 
0.37637863157196111 0.37122608054969275 0 
1 0.25042546594820037 0.81024323016519606 
1 1 1 
0.75000000000000011 1 1 
0.52506997305900727 0.15354020451795883 0.023779654594478457 
0.51320596066320112 0.17682909376681991 0.011071100133181246 
0.53771867728689549 0.17108072270456554 0 
0.54788977137225681 0.14359632309134926 0.01647810074024542 
0.50053047094928149 0.20801178977183363 0 
0.49320498490561654 0.21962430768265556 0 
0.47387224789750676 0.25577830688022873 0 
0.4609058724225647 0.25829392869774986 0.0062186704611294514 
0.44386770401604264 0.2708885469292463 0.0066666666666666654 
0.45474937742704818 0.27184674968539374 0 
0.44912086501041493 0.27884724485296647 0 
0.48560545197619942 0.20640505663401471 0.017136987854187827 
0.4685422235099872 0.21902742984226059 0.024014058448191829 
0.48327423221016191 0.24588695279783057 0 
0.49248870386921623 0.2320596836345872 0 
0.50042982164935679 0.19897959220879585 0.014840182489234414 
0.52057923385306615 0.19829328210477076 0 
0.50882564947104403 0.22496231733886266 0 
0.42291064285475982 0.30256662278701019 0.0066666666666666654 
0.43229008485033155 0.29852431154983405 0.0071100966767371782 
0.42686087750911528 0.29372635483986909 0.011329214627702868 
0.41925639915173285 0.30920552403683305 0.010146815479727069 
0.43309786273235767 0.30448420734719422 0 
0.42634533507990485 0.31031503702263891 0 
0.37434970059909495 0.36091849077058907 0.0066666666666666645 
0.38087888372400769 0.35402095871980449 0.0066666666666666654 
0.39746254906044431 0.32455923066896281 0.015954692905742588 
0.4693679682471022 0.2441570889017779 0.014027831101933345 
0.48196473686089425 0.23102211323676919 0.014435699745861511 
0.45343483494747694 0.24708902658767334 0.013548756601079685 
0.45686824077505556 0.23768373789140429 0.021038488303325723 
0.43250692751770525 0.25408979549260535 0.019998834674919256 
0.44283181839668528 0.24277907744074251 0.026678579666668097 
0.40106144872277649 0.30131561015275976 0.01670722341764919 
0.45279450719402109 0.26393861231093757 0.018681624363506014 
0.43007182878364841 0.27136902961769244 0.018107296113020203 
0.41547760927278476 0.29458223594223359 0.017375071449765581 
0.44683948177676008 0.28656968037196712 0.015644546154804543 
0.40894489367394071 0.28255886341017028 0.014196533364400746 
0.41453992219719638 0.26172866881874141 0.014598673039698199 
0.43134270605267944 0.28756616236344612 0.017478462123251107 
0.42308312039195461 0.28403967491111232 0.012271221304623662 
0.38728101880772947 0.34700533824932067 0.0066666666666666662 
0.3937106509943219 0.33879691074866747 0.011692672049166132 
0.39489364599086074 0.34365266897404673 0.0077878276260590091 
0.40662855208674448 0.33498567617809705 0.011002121678042322 
0.41468010381947989 0.31974268285759794 0.011119394782937166 
0.40993973762397051 0.31413596370269542 0.022145002679459628 
0.41705410011939242 0.32820522823094167 0 
0.4237611957626144 0.31950943146172728 0 
0.42517245796109765 0.3171528181244993 0.0058496735930959618 
0.38326540685031063 0.365514764971063 0 
0.38913736486307088 0.35634163247099226 0 
0.40622678378339799 0.34247170669458288 0 
0.40015591348277169 0.35200391768588674 0 
0.46927838752151879 0.26871006501821343 0 
0.45892284520422366 0.28223150563231214 0 
0.48520871901576862 0.26234349109995919 0 
0.44407933575492237 0.30556687334199167 0 
0.4568233042396318 0.29905417227371622 0 
0.43583940689703077 0.31591403416644037 0 
0.41858974936588894 0.33936160888284933 0 
0.5269100010013662 0.23120767842052803 0 
0.33866695209976511 0.38557046251746407 0 
0.33149398880462733 0.39175641943852207 0 
0.32527402816637557 0.40570456797161042 0 
0.33262946478793637 0.39969591771554441 0 
0.33987403754380824 0.39355404906624603 0 
0.31586175373442948 0.39600987867098381 0 
0.33874474214828548 0.3856483998339077 0.0066666666666666662 
0.347005338249321 0.38728101880772903 0.0066666666666666654 
0.35402095871980488 0.38087888372400724 0.0066666666666666654 
0.35270219979898898 0.37290804256996024 0.0066666666666666662 
0.34575620194382872 0.37937449108677757 0.0066666666666666662 
0.34460286719949806 0.37129018694170696 0.0066666666666666662 
0.32324370419188114 0.39007569533059433 0.0066666666666666662 
0.32219800822408612 0.3823449516183684 0 
0.31490485091466386 0.38837391929256659 0 
0.3167868216042003 0.40374276323780189 0 
0.31781013586379608 0.41157794305043066 0 
0.30931942888171687 0.40955835130038204 0 
0.30174626236833052 0.41522525221114542 0 
0.35828617560248655 0.35816491454217075 0.0066666666666666662 
0.3514996951890963 0.36481771543854441 0.0066666666666666662 
0.3604664154775844 0.36791377406969938 0.011766063645853423 
0.36625454087482334 0.35961710876024117 0.0066666666666666662 
0.37142338547335002 0.35998164275159356 0.01543128295751434 
0.36478785818424153 0.3513965496704618 0.0066666666666666662 
0.35688302522392146 0.35019204120332836 0.0066666666666666654 
0.37129518186731297 0.34451669309115768 0.0066666666666666662 
0.37617917840609238 0.32937588173960802 0.0066666666666666654 
0.3698787996240509 0.33643589562928466 0.0066666666666666645 
0.36344601524055647 0.34337547406117286 0.0066666666666666645 
0.37721019490737923 0.33713632233550456 0.011487278432882666 
0.37609525932972837 0.34145575375733611 0.010456361959755191 
0.3682975746160379 0.31611410934364431 0 
0.35044965853927657 0.33788398395752323 0 
0.36283242376195957 0.3229161456371139 0 
0.35926545918769981 0.33286416150417508 0 
0.38584953204209765 0.34239957535661852 0.018744884373244178 
0.38270354713920141 0.32979247130781814 0.017748746684167597 
0.36990260342370096 0.34642544866401015 0.017015827749588933 
0.30087385300412545 0.40762209953536921 0.0066666666666666662 
0.30082733942819045 0.40763578181857796 0 
0.30841231589605989 0.40188054471273305 0 
0.30749898564328482 0.39426388146037483 0 
0.2999829882418929 0.40001263815348059 0 
0.29235943566020373 0.40561798946750799 0 
0.337631411949462 0.37769776306442199 0.0066666666666666662 
0.34337547406117247 0.36344601524055686 0.0066666666666666645 
0.35019204120332803 0.35688302522392162 0.0066666666666666645 
0.34975613029118996 0.36652725169001998 0.013629096988628579 
0.34507972827757827 0.34609289449962988 0 
0.34113509444845819 0.35473260921026734 0 
0.33049782159509755 0.38396693679065264 0.0066666666666666662 
0.31490485091466403 0.38837391929256659 0.0066666666666666645 
0.32219800822408617 0.3823449516183684 0.0066666666666666636 
0.32937588173960769 0.37617917840609261 0.0066666666666666662 
0.33643589562928444 0.36987879962405124 0.0066666666666666654 
0.33323714871930721 0.35778280767945847 0 
0.32126248153405657 0.37296507836493531 0 
0.32611269688860617 0.36537681409470651 0 
0.26843319032037283 0.42925048040027308 0 
0.2768518592046042 0.42430537498134385 0 
0.26084534061219439 0.42656642600505451 0 
0.31588285287836543 0.39605645831523051 0.0066666666666666662 
0.32431649784738353 0.39787429136442187 0.0066666666666666662 
0.31688873143567092 0.40380859440841221 0.0066666666666666662 
0.41586126197203843 0.23527420043337771 0.01861997789713055 
0.39921622422275604 0.22669403609052705 0 
0.38662801049311785 0.25746408757635231 0 
0.39351924364395963 0.24361696324682378 0 
0.37446954048747005 0.31496758264367858 0.012468062045764731 
0.37386549674110925 0.28110443636306126 0.009569596972882179 
0.37211760333972721 0.26344598110189582 0 
0.37398561354569732 0.28463180432140706 0 
0.33163932870292068 0.346588038862578 0 
0.34055934094932683 0.33607696609437021 0 
0.36087076895815512 0.29877541313796163 0 
0.35665349190112933 0.31238006833073256 0 
0.37210502103205145 0.23418948003499768 0 
0.39652593485159504 0 0 
0.5 0 1 
0.25000000000000011 1 1 
0.24999999999999994 0 1 
0 0 1 
0 0 0.74999999999999989 
0.27097957855924215 0.43290119560669066 0.0033333333333332858 
0.2698971666133016 0.43646829170623397 0 
0.3102401960648678 0.41731398616799081 0 
0.27797969888923496 0.43149610491476792 0 
0.28620126075649666 0.42638337531157094 0 
0.30256662278701058 0.42291064285475954 0 
0.29479197358819392 0.42836600907054545 0 
0.28691894435374271 0.43367841116169392 0 
0.27895023537148445 0.43884619438969585 0 
0.318868885288632 0.42102929063517425 0 
0.32762078375997761 0.41755038953221774 0 
0.49067122056849111 0 0.081120329156237361 
0.42393360347785647 0 0.057219284092394601 
0.40929834164114487 0.19373710321342025 0.020786477940058893 
0.35855378209416189 0.067141960486050395 0 
0.39045952782439669 0.20276710876257145 0 
0.39145066835160741 0.16028426462849063 0 
0.39758973511422446 0.10226870341690689 0 
0.36442707023966414 0.19307951909615961 0 
0.38494456932311527 0.29386276614556822 0.022332447530980185 
0.39925422591069082 0.26497798510161169 0.019498374864952876 
0.39422976085034322 0.31315932355364223 0.024754221310992371 
0.37699865045659403 0.27239544583089098 0.018219285125672228 
0.32788849772533879 0 0.079284373419419796 
0.57398213707647028 0.15852584050027646 0 
0.5579082657612473 0.22078210715705149 0 
0.65118552585647338 0.11413020172845378 0 
0.48034202006942733 0.077343548502782036 0.051406625049197366 
0.52150644071929608 0.074227403450909404 0.066752576973644631 
0.49462458415029215 0.10744048218556088 0.053229788962258398 
0.53096653269851768 0.039668241282441903 0.10666854883877427 
0.50049808494622561 0.1784451590738422 0.033234742127062129 
0.42998696962565258 0.10815333972679533 0.053441068404025752 
0.45028749096670606 0.16059339046851598 0.03004480821338535 
0.47339684425553213 0.1893899712389206 0.037540108732752715 
0.47297540346030437 0.051050267561691079 0.090261244142416888 
0.55758679444204973 0.12171087538797862 0.05223788229271327 
0.49634230317164391 0.14813838742957011 0.067580880926231005 
0.43586154688084333 0.20502548636456053 0.039861945161461583 
0.46170792903678104 0.23382956221389706 0.03701640404878271 
0.83672076665854234 0.13299004727670025 0 
1 0 0 
0.59737844940729656 0.089275572923033134 0.10304744263614887 
0.76129348721067291 0 0.11626124179575734 
0.48332649129856009 0 0.42001073681203582 
0.56697940699716531 0 0.19987493108294832 
0.76602256654407141 0 0.32505412821356516 
0.74015210915181939 0 0.53014504089247849 
1 0 0.5 
1 0 0.24999999999999994 
0.34847562314789715 0.72524874759405289 1 
0.33034730717843036 0.30829283955752118 1 
0.22848598871849163 0.50049052483146772 1 
0.50046030545803188 0.19597057771412027 1 
0.60907331901696071 0 0.72531693520032858 
0.40231508184288589 0 0.69714355731054212 
0.52823531771174459 0.35777466420054554 0.86587616868621597 
0.52204675630551201 0.47862148693176815 1 
1 0.5 1 
0.77718223858171842 0.45894119717505055 1 
0.76301924077238026 0.64264529687808203 1 
0.57346456707517568 0.73060213168081845 1 
1 0.75137001713796281 0.80413753709338087 
1 1 0.74999999999999989 
0.72239340127697482 0.20412474933219521 0.76849382421420509 
1 0.21341696548326583 0.64954653781712945 
0.81765949800380699 0.32933748230629539 0.7988149323097391 
0.63531899600761421 0.40824949866439064 0.78738663445428259 
0.76387489536582798 0.8227040310721071 1 
0.32527402816637557 0.40570456797161042 0.0066666666666666645 
0.33587596115003093 0.41041807688678517 0 
0.34175069053626828 0.40223875953065608 0 
0.3573406634602101 0.39058475970902495 0 
0.34970130323160431 0.39765112736413499 0 
0.36091849077058946 0.37434970059909461 0.0066666666666666662 
0.37368861400506287 0.37216544772277516 0.0095340827732275386 
0.35794149901661027 0.3870864225838318 0.007898298047565035 
0.36887268485269803 0.37863432602190011 0 
0.36160326034317591 0.38258111363481478 0 
0.38491290557454416 0.37575505568222556 0 
0.37722107350947048 0.38189014272110589 0 
1 0.47233352688989549 0.68754409443930287 
1 0.74300596716775902 0.60974316083230173 
1 0.74230482374774498 0.43556674566673087 
0.76688852221693227 1 0.81886820291772633 
0.49999999999999989 1 1 
1 1 0.5 
1.0000000000000002 0.25000000000000011 0 
0.56439848345433208 0.20164070641635473 0.044039571004759921 
0.49774329066834044 0.23255842294953061 0.015863037369231895 
0.48206779131040856 0.25953109773804556 0.013751229844862992 
0.46382447128113852 0.28139796906214043 0.013270615005559264 
0.4963289168202582 0.21752363052698315 0.035214602927075907 
0.50995781197246215 0.25760746126451312 0 
0.52353714776266713 0.22964975027929635 0.016655766124962671 
0.43519271064154402 0.31085339968024511 0.018309965539148102 
0.43251538781537546 0.33137128628840729 0 
0.38918400464396402 0.36555145927781979 0.017740706625574035 
0.40810533862341236 0.33389176540148596 0.037635998460221705 
0.46838077789353344 0.25901460733477283 0.04024633365019626 
0.45473143595209714 0.30038681841052134 0.035664990890135424 
0.42862473267106482 0.25986311385773131 0.04574568092239973 
0.41467243389360858 0.29694586763869296 0.035845580869736111 
0.43086764227299079 0.27977960497071619 0.028239813927667341 
0.40282671227043143 0.35234599105940828 0.012640285982502334 
0.42193686761091809 0.33836292692896514 0.014916776909421951 
0.39839731341427281 0.37094334275860041 0 
0.41519223382358161 0.35515365144298089 0 
0.49059006612580952 0.29574594807357463 0 
0.45851588222858997 0.3236295653235331 0 
0.43937969400083565 0.34917987286352431 0 
0.55304817898460634 0.28210610484191145 0 
0.34585438703371302 0.39808122057026307 0.011430580264009062 
0.33161741401022826 0.39183081569353057 0.0066666666666666662 
0.33262946478793637 0.39969591771554441 0.0066666666666666645 
0.33987403754380824 0.39355404906624603 0.0066666666666666662 
0.30848164772936004 0.40192614899464596 0.0066666666666666662 
0.30749898564328493 0.39426388146037489 0.0066666666666666636 
0.33674542442421357 0.38320432250274122 0.013242675036478583 
0.35120389955718845 0.38147966599372551 0.014743870799970586 
0.36181156102180334 0.37696050918936025 0.027539139472878456 
0.3444430792084337 0.37409478511275035 0.014034982095211982 
0.32171300403235364 0.38859926055013738 0.013103365638679313 
0.31281209171259278 0.37576528411640242 0 
0.30374183712437131 0.38242066707876832 0 
0.31199743351898274 0.38781514487482371 0.0095495684552889832 
0.30944895775942194 0.40960524928995823 0.0066666666666666662 
0.31781013586379608 0.41157794305043066 0.006666666666666668 
0.3102401960648678 0.41731398616799081 0.0066666666666666654 
0.30256662278701058 0.42291064285475954 0.0066666666666666654 
0.30174337854059058 0.41524925116622674 0.0066666666666666662 
0.30196816086846273 0.40687831395633178 0.010461069607854924 
0.26887107980772512 0.42155382895516957 0 
0.2768006008942665 0.416390377226177 0 
0.293113182334091 0.41309206692234746 0 
0.28463101560177423 0.41107784075223669 0 
0.29315392809419194 0.41317420814432326 0.0066666666666666662 
0.29394213688137394 0.42081886443015865 0 
0.29390770737285998 0.42085740663776905 0.0066666666666666662 
0.28572650027587193 0.42256583091672684 0.0033387480111039792 
0.28528577117862203 0.4187955138614502 0 
0.27657258735879242 0.4069557579053612 0 
0.26073168351777598 0.43580302841933288 0 
0.2527262715777186 0.43142639844167274 0 
0.25114578086051609 0.43940315432825139 0 
0.24451676097434225 0.43613197633086409 0 
0.0054544804230836162 0.49424008346479825 0 
0 0.5 0 
0 0.505 0.0033333333333333322 
0 0.49564053569836447 0.0065490735278725511 
0 0.51000000000000001 0 
0.0066435214836605642 0.51365060179615196 0 
3.1228493378257493e-17 0.51000000000000001 0.0066666666666666628 
0.35750087514159179 0.35903547884507964 0.018238112020982026 
0.36787082057106796 0.35660184169211395 0.035455943485585124 
0.35400774597823825 0.34722855046451506 0.013062278344396997 
0.36128535116650479 0.33540158782071094 0.01544240861321217 
0.3566167620218616 0.31718439991728198 0.015698956129860168 
0.34180298955418337 0.3350450369858658 0.0088486582522698826 
0.34493842210235892 0.32111427711225532 0 
0.37462145324538054 0.32780247350100544 0.039054217373301399 
0.29235943566020378 0.40561798946750804 0.0066666666666666645 
0.29998298824189296 0.4000126381534807 0.0066666666666666662 
0.29379544168157817 0.39174267991144368 0 
0.28298166526583396 0.39999442155406573 0 
0.27129065383887641 0.39833513990068886 0 
0.33609797263351332 0.3679425516825951 0.020500531508677259 
0.33627088244931619 0.34808594620297251 0.02219667050173391 
0.32138841342712998 0.37736235567640597 0.010558109962889363 
0.32298356321736149 0.36656841254496397 0.0085278234258104341 
0.31724858447829518 0.35163677878720589 0 
0.3139957973946963 0.36302735585683032 0 
0.30411686668000987 0.37066678048709661 0 
0.26691032244243579 0.40982440633292561 0 
0.26053233669115766 0.41740073647359793 0 
0.26084534061219444 0.42656642600505479 0.0066666666666666662 
0.25317692784005336 0.41983521487634839 0 
0.2457086419642405 0.4258900763536545 0 
0.26486381168108958 0.39919838056889506 0.0057764047809375505 
0.26169501470059769 0.40168454084019622 0 
0.25458658853881366 0.40914907898809633 0 
0.29095845421922423 0.37128932552308497 0 
0.27854905906808536 0.3845426921793777 0 
0.29646656208175187 0.35146349556517947 0 
0.26093682659857331 0.38893775164216804 0 
0.0074283720779873622 0.5072201569739373 0 
0.025451667050893717 0.50604308778079454 0 
0.013530235927517148 0.51257746156653139 0 
0.016223780906727575 0.50623043695495251 0 
0.022468258964890176 0.51262586204334692 0 
0.0094620528054789165 0.49991031926252422 0 
0.018920706942321099 0.4996414542339121 0 
0.028372585409779896 0.49919367068988652 0 
0.024453078719960181 0.4918960489380359 0 
0.012952139585579055 0.48766288792974011 0 
0 0.48936085505719512 0 
0 0.48997513480469035 0.012941133905165287 
0 0.48669450482550403 0.019964895281407422 
0.047242507333559593 0.49776241115848535 0 
0 0.75000000000000011 1 
0 1 1 
0.49172394889375137 0.76138815190082998 0.87022149961820505 
0.25375149997212421 1 0.80293327592900843 
1 1 0.24999999999999994 
1 0.74999999999999989 0 
1 1 0 
0.26844521386239245 0.42913273564803112 0.0066666666666666662 
0.28614287365372548 0.42639647536504127 0.0066666666666666662 
0.2779289676559572 0.43141738408729124 0.0066666666666666662 
0.27679113333684735 0.42420689515327409 0.0066666666666666662 
0.26887107980772518 0.42155382895516968 0.0066666666666666654 
0.29479197358819392 0.42836600907054545 0.0066666666666666654 
0.31426204014241327 0.40319169049434572 0.015944383689339151 
0.32370801039157254 0.40155845137955321 0.012322342323895012 
0.37086166940555693 0.23655410765314899 0.035753649838704001 
0.35165417638425472 0.2943480692296061 0.031128400812261321 
0.35057285363774826 0.26348120630850586 0 
0.3156617937479303 0.32498500507290823 0 
0.34050252095268813 0.29542651541467707 0 
0.33844630260129294 0.22644486934340513 0 
0.31385504510075884 0.14793412368623757 0 
0.25000875803694855 0 0 
0.28282121964207457 0.25279668533229371 0 
0.24912990640495777 0 0.80523857801737087 
0.22320549898796566 0.81290140005031974 0.81058133015452283 
0.16517365358921507 0.3405741011066028 0.8639194811078299 
0 0.25000000000000011 1 
0.21528350757691395 0 0.57529491572881442 
0 0.14491712573962495 0.74996631248740597 
0.19265949800380705 0.62580280010063971 0.81822938438003767 
0 0.49999999999999989 1 
0.15942109849089142 0 0.13853997952173189 
0 0 0 
0 0 0.5 
0 0 0.24999999999999994 
0.253951574988728 0.44165366319015104 0.0033664206283107096 
0.23621969707210977 0.44068138973846938 0 
0.24290937877906629 0.44472113891778625 0 
0.2341710265590454 0.44924148570480454 0 
0.24868178782876441 0.44895700808172889 0 
0.26073168351777604 0.43580302841933305 0.0066666666666666662 
0.26984608663952192 0.43648933310060328 0.0066666666666666662 
0.27895023537148445 0.43884619438969585 0.0066666666666666654 
0.25686684480150662 0.44421814247626951 0 
0.26420638251634809 0.44157448573829611 0.0066666666666666662 
0.26417914757305577 0.44160792864511167 0 
0.27088854692924674 0.44386770401604231 0 
0.26273657931485711 0.44874128530222457 0 
0.31284025408150568 0.42866840470917794 0 
0.30549850888069102 0.4255952766393773 0.0097363149399636879 
0.28691894435374271 0.43367841116169392 0.0066666666666666662 
0.30418258568310114 0.43432592452604224 0 
0.29453001947870305 0.43744943717713569 0 
0.28802223210533728 0.44528482501202071 0 
0.27865506793645667 0.44839941940704803 0 
0.32454123237329169 0.41870571405427764 0.012640499515799545 
0.32438909471456256 0.42848749522386265 0 
0.33721212955538221 0.42372552664739288 0 
0.31567925204780251 0.44046649391995985 0 
0.29919886199151152 0.44734365428769318 0 
0.41694768933031184 0 0.18390348568999595 
0.2444811311656972 0.091516894140685492 0.11802270239353055 
0.36014259109473912 0.17348775452682189 0.077190298903151225 
0.39127951731347022 0.29455308602622338 0.05008450719723663 
0.3616226219705494 0.26025529062644764 0.75541018078565814 
0.22794034205962418 0 0.28004340212263373 
0.38243824429120765 0.11558451382768972 0.54358262918592948 
0.69516437006670084 0.16440780511192407 0.081645300532412771 
0.63469128878527625 0.24221380990284616 0 
0.77798595315204899 0.25280958891856886 0 
0.50879999747103966 0.11801784478339769 0.1232152061088673 
0.49084841929356254 0.21254535048251966 0.082966463049104947 
0.43353297405532421 0.17416833211231444 0.11614650554205655 
0.57368850898055512 0.21298243250288923 0.089317942025577204 
0.42476719899050636 0.25258926762704159 0.077913680297007529 
0.61595886350413853 0.16893875519850651 0.49739200286030016 
0.46096125925966602 0.13880491667530845 0.29328993719173396 
1 0.25039348405030565 0.19509015116019698 
0.65778532135344114 0.17818288484026604 0.27371000333152329 
0.80797943175206954 0.22314626556853306 0.47481191603589967 
1 0.27735377593855975 0.45223182921149929 
0.42579771416751738 0.47834926028706759 0.79036139931098148 
0.53403359407323259 0.27193719599935334 0.69077354308311467 
0.71736230216688435 0.59505511241521514 0.78660337530727098 
0.81748613731980269 0.77026676168768304 0.67509308003435553 
0.81790226008466815 1 0.64641350122908492 
0.74859123570971664 0.3378775103970128 0.57477326890856484 
0.85153340036544189 0.50805046277892563 0.57396000376831158 
0.60727238679315898 0.52869658386298735 0.64330168765363549 
0.63497227463960559 0.7975275562076074 0.74044299923640977 
0.33482004190441245 0.41579271233858106 0.024572970214235164 
0.35831158557529225 0.40079894350268952 0.021646367676962267 
0.34987944140519722 0.41070161370354624 0 
0.37143808565287845 0.39234929604334595 0 
0.35860845346381937 0.4001602039401409 0 
0.39648630009210128 0.34803552682944738 0.070758353884072048 
0.36743594462661017 0.38258800916773827 0.043863849674153473 
0.37663320086980895 0.38714822510818925 0.019350355979673998 
0.39175745874506573 0.39228084798819873 0 
0.43270241006415783 0.39256968873053494 0 
0.37208328957019615 0.41562178747011636 0 
0.34750810711609037 0.42843166443959929 0 
1 0.57023724930180564 0.4680723300736368 
1 0.82214795549946273 0.25270680097932302 
1 0.64697703158149678 0.23260819592324397 
1 0.46784919357130283 0.27089863141961146 
1.0000000000000002 0.49999999999999994 0 
0.8061334649640135 0.80394466878771764 0.43388912281013559 
0.55258224711232706 1 0.69428262316554878 
0.74034314501610998 1 0.44871385968774741 
0.83252592458697638 0.42057960316560539 0 
0.68161375866159346 0.36286488332286665 0 
0.51146059957888468 0.27696021810367583 0.062854588923886914 
0.4745574895539556 0.33783892741064342 0.037756059656129166 
0.40531537986538613 0.37659283958799505 0.039902684108227511 
0.44073969711379946 0.30453610322135605 0.082511937240294944 
0.4386927868059502 0.38357840678750738 0.019963218039207534 
0.49808615982888227 0.35867208990188459 0 
0.59102694652532028 0.33254253672124862 0 
0.072456473339236563 0.50135919273080898 0 
0 0.52000000000000002 0 
0.0094972995492754939 0.51991312410827173 0 
0.22783796814106552 0.44507286873032909 0 
0.32970974060294028 0.38866054638585457 0.023289701880030437 
0.30044770264135418 0.39357276563521737 0.019819111861721365 
0.33718617991089322 0.37840651839663852 0.038741338378905595 
0.30732255667329783 0.37854516612878736 0.016070713400260232 
0.30670489780631316 0.41592262098187416 0.014174991518307149 
0.29817277510496809 0.42279797824866594 0.013450492886951663 
0.28922464427158678 0.42488440544938139 0.011093070262319761 
0.29418093859130945 0.40978505977713847 0.018320260833929129 
0.27680060089426661 0.41639037722617722 0.0066666666666666662 
0.28463101560177434 0.41107784075223675 0.0066666666666666662 
0.28534390175160484 0.41879115041103571 0.0066666666666666662 
0.27266967098354083 0.40702859918696854 0.0083915295712172506 
0.2527262715777186 0.43142639844167285 0.0066666666666666662 
0.25123076625469426 0.4393844324800088 0.0066666666666666662 
0.26022608302896799 0.43275078155126956 0.010869464290022559 
0.27060342940464394 0.43439947105487919 0.011308200780298152 
0.26230481712979392 0.42244534598502026 0.012025496269820916 
0.2650117798781394 0.41483085159407379 0.01622987263880327 
0.21937450740959702 0.44930469294862063 0 
0.21083241383640153 0.45337544964034632 0 
0.24451676097434233 0.43613197633086426 0.0066666666666666645 
0.23637796472161227 0.42689315927195254 0 
0.22782543981124431 0.43068980478037644 0 
0.22554309983817381 0.45364695118013315 0 
0.23621969707210988 0.44068138973846965 0.0066666666666666671 
0.22783796814106558 0.44507286873032914 0.0066666666666666645 
0.037814311207108292 0.49856723440617007 0 
0.044171180360995342 0.50469620625524103 0 
0.034786303815935116 0.50546816424948438 0 
0.031700105472799084 0.51231247517726952 0 
0.041089333163680235 0.51168166170349738 0 
0.018991420899071448 0.51965266208494498 0 
0.028479206839753631 0.51921886240780668 0 
0.034764938645860076 0.50542146521047604 0.0066666666666666662 
0.0094620528054787986 0.49991031926252433 0.0066666666666666662 
0.0072409666495555141 0.50727012186129916 0.0066666666666666662 
3.0616169978683824e-17 0.5 0.006666666666666668 
0.013474576484897725 0.51264534333348988 0.0066666666666666662 
0 0.49770953128833406 0.013171806479866889 
0.018991420899071448 0.51965266208494498 0.0066666666666666645 
0.0064229815911417991 0.51380507926830599 0.0066666666666666662 
0.0094972995492754939 0.51991312410827173 0.0066666666666666654 
3.1840816777831187e-17 0.52000000000000002 0.006666666666666668 
0 0.52443737812605395 0.0041210807661563823 
0 0.5078569468946641 0.014041727056747036 
0 0.51618247172116993 0.013004108754185282 
0 0.46311045821345997 0 
0.3484784023858557 0.34396118691483774 0.048237944783764433 
0.32332387116070443 0.32485375683977874 0.030934927185765411 
0.35035352672699144 0.28684034336806213 0.069205178501612855 
0.2751357997161063 0.39257977110719222 0.01850573014759738 
0.30664745491269479 0.36050495310561642 0.028087025383344462 
0.25679953522318683 0.40681243976721521 0.0096710404437901926 
0.25009804273811465 0.42423960601842281 0.010470194199877493 
0.24099313442269077 0.41317217015394575 0 
0.25347266994539941 0.3883843957738059 0.009642938084895138 
0.24864989820578287 0.40025191405162397 0 
0.26302448736011086 0.35806485294667456 0 
0.2606096420060135 0.31521132001676161 0 
0.23838378495132187 0.3839992732899542 0 
0.23540653845100235 0.40454014146079731 0 
0.20822555868715248 0.35811417288431641 0 
0.016092255156019936 0.50625498888410225 0.0066666666666666662 
0.031612460051194946 0.5123171215341199 0.0066666666666666662 
0.025362920350386311 0.50601815447798548 0.0066666666666666662 
0.022395482749889818 0.51265704955967406 0.0066666666666666662 
0.028479206839753631 0.51921886240780668 0.0066666666666666654 
0.018920706942321019 0.49964145423391226 0.0066666666666666662 
0.02837258540977973 0.49919367068988674 0.0066666666666666654 
0.037814311207108139 0.49856723440617007 0.0066666666666666636 
0.034195118775980762 0.48938329399329522 0 
0.042395224929007255 0.49162361537060534 0 
0.018424659853144735 0.48926882101162672 0.016688759322969097 
0.043182285425555876 0.45233308505229619 0 
0.026363848329264562 0.47705812128195135 0 
0 0.47631137379797867 0.014693536164451118 
0 0.4950598338974721 0.023614445091574367 
0 0.48203733324888398 0.029183202427511858 
0 0.49069657784072412 0.033379778818321174 
0.075412147680183006 0.49428027738885005 0 
0.084752449382686182 0.49276459571633602 0 
0.066044802570843678 0.49561866687410261 0 
0.050078768983277552 0.48832417478919937 0 
0.041637190291777981 0.47910129089507164 0 
0.05836961156604193 0.48853986208311323 0 
0.054558417266567079 0.47657775643787165 0 
0.066608060062573776 0.48358504225426757 0 
0.078338258834206045 0.4889095180485486 0.0058390923751520116 
0.084752449382686182 0.49276459571633607 0.0066666666666666654 
0.047242507333559489 0.49776241115848557 0.0066666666666666654 
0.075412147680183103 0.49428027738885016 0.0066666666666666662 
0.056653796788386959 0.49677946672255557 0.0066666666666666654 
0.053580704422485019 0.50379653252515866 0.0066666666666666662 
0.063063524671076537 0.502702073660236 0 
0.053601744516807631 0.50382339603594528 0 
0.056653796788386925 0.49677946672255546 0 
0.072366284015868421 0.50158534592108206 0.0066666666666666662 
0.069337428560342404 0.50859264115326674 0 
0.037957500161687918 0.51861197355464372 0 
0 0.74976907967856588 0.83284013895872222 
0 1 0.74999999999999989 
0.38982879625829092 0.72820888762471592 0.68441446472544587 
0.27097574561702531 1 0.59474358438922825 
0.87496254175658272 0.73595575292590321 0.11630409796162192 
0.80097772866748085 0.62085226824248763 0 
0.75084381377125919 1 0.19648490141296548 
0.74992508351316534 0.82493447427031041 0 
0.74999999999999989 0.99999999999999989 0 
0.57688581243932002 0.4404582486568423 0 
0.47231818653335517 0.44605462368975007 0 
0.27991334126112866 0.42611732585625883 0.014876457626443743 
0.29297359304497911 0.43223516413913893 0.014556195950113929 
0.314245318892373 0.40512624735204156 0.031825986526598689 
0.28620076180025217 0.25487736346186068 0.050231698738873301 
0.17270191191926693 0.1803975962131214 0 
0.21623790722720315 0.28963702960532961 0 
0 0.25053664952456883 0 
0.17322717847949012 0.25208959043597512 0.62476221375055452 
0.20029671825080458 0.18334597363989194 0.45971646800682231 
0.24859123570971675 0.52505155411365778 0.60723725960270569 
0.19491439812914552 0.74722129211621979 0.62916992446593856 
0 0.37285536265568503 0.72783896221565902 
0 0.23444824726550031 0.5545135769704499 
0 0.58776505291655579 0.71447451920541161 
0.32726044935760074 0.37186002033800913 0.063265141729183141 
0 0.19437726148702011 0.17223925276084168 
0 0.22399539102589608 0.36496135614393033 
0.23417209701676953 0.4491642490008953 0.0066666666666666662 
0.24294299181530396 0.44472068379317825 0.0066666666666666662 
0.25679069722301973 0.44419902255734806 0.0066666666666666662 
0.24863726641387587 0.44895542338178906 0.0066666666666666662 
0.2416494414693518 0.44916745259996715 0.0033333333333332954 
0.23169926851137981 0.45800139367518095 0 
0.24034442170871539 0.45360036186531488 0.0066666666666666662 
0.24040097357432141 0.45362762582358884 0 
0.25449703281614311 0.45346528350973353 0.0066666666666666662 
0.25449703281614311 0.45346528350973353 0 
0.24617260772093216 0.45803804390006025 0 
0.22317884581048947 0.46218275223036498 0 
0.27845728305133016 0.44403940521564722 0.013846179469272749 
0.26285362185104749 0.44192494145202471 0.011653987971648407 
0.27088854692924674 0.44386770401604231 0.0066666666666666645 
0.26273657931485711 0.44874128530222457 0.0066666666666666662 
0.27249152014334194 0.45589624183580008 0 
0.23776600431705194 0.46245791173469586 0 
0.2292799541139858 0.46672326396125241 0 
0.26370257738063529 0.46012810033861656 0 
0.27305043234802812 0.46604156836777472 0 
0.30930349812837904 0.43452600117696427 0.022026636219977361 
0.29579488633876555 0.44581375608401436 0.012593631694682198 
0.28782009924304314 0.46228937555270305 0 
0.3357428136907199 0.44185889423893948 0 
0.31930482181281566 0.47122105601163439 0 
0.28094067980395176 0.2267646473906747 0.19458672279860034 
0.36874913875170673 0.31234231984304422 0.1229773907251592 
0.43981035785532063 0.2889612845692246 0.52179131459296479 
0.36266929780022872 0.23202938285610758 0.38313062103199375 
0.41571889167914899 0.36130725691956267 0.11122214758073481 
0.66980909111751841 0.34445415320089051 0.17377253779004911 
0.47664105650195865 0.27533399849247353 0.18342158435069247 
0.57748389638643738 0.32026047007551278 0.3868550016657617 
0.74859123570971675 0.35636576968053241 0.34754507558009839 
0.49718247141943367 0.4623380553107595 0.50000000000000011 
0.65754236575205072 0.73116902765537983 0.5732067506145424 
0.70306680073088379 0.54376739866795609 0.46037591309732045 
0.50104786309315874 0.79689670072620289 0.55831298233949311 
0.459299411546226 1 0.4648655044577012 
0.56699149410400251 1 0.29121624929253814 
0.34102724682843305 0.42224228214465997 0.03960860048641824 
0.36774028572584777 0.41660790052941671 0.023559667551232462 
0.37882999259858618 0.40275587132779117 0.077819119934595962 
0.40571423541016471 0.43211531629501138 0 
0.36214642288366961 0.45685052386258485 0 
0.71559098468434212 0.68907302961843797 0.30071856268706748 
0.77405845463565959 0.55482631639202162 0.1503592813435338 
0.61226692992802645 0.86558451382768986 0.43221149995354047 
0.66240042730474147 0.51637636488187877 0 
0.48936193229193253 0.42280751551939377 0.10491034494057491 
0.066303852318662093 0.51575525671687839 0 
0.081801971428666992 0.49998822249718489 0 
0.080247484739142574 0.50361036131074965 0.0033315444444206111 
0.075712603069263501 0.51445849593748749 0 
0.078770938774832586 0.50722510053766623 0 
0 0.53045647364543458 0 
0.014901276825226618 0.53212015075815244 0 
0.09113379252999447 0.49834749788746607 0 
0.094062354115699492 0.49107223230016039 0 
0.10044108722942437 0.49657549026474046 0 
0.10333856573115238 0.4892039758657431 0 
0.109707713467027 0.49458066468769996 0 
0.11897070417507037 0.47588473684221583 0 
0.1125777903812645 0.48716061719597192 0 
0.11257779038126446 0.48716061719597209 0.0066666666666666654 
0.2098874700321251 0.44072505362697378 0 
0.21832549875460883 0.4367122079978884 0 
0.22649355303420898 0.41620784884004053 0 
0.21178966324829748 0.43065209090421563 0 
0.21913169650839451 0.42645974930990377 0 
0.2022148171636719 0.45728384230984659 0 
0.19963606402510153 0.465504718295568 0 
0.19352484698075939 0.4610285746387669 0 
0.18476563287701431 0.46460835030875441 0 
0.20587967818424338 0.47010149837553888 0 
0.21456518378196635 0.46619140152107819 0 
0.21688549428376225 0.45778467086618463 0 
0.20830146239060818 0.46169050759333602 0 
0.20114183121735135 0.44480291506743813 0 
0.19382734686109504 0.45084566363883782 0 
0.19089969723531006 0.46915599919927842 0 
0.29030722217682453 0.3888432114715516 0.043827611235524595 
0.28988680529080896 0.41965333951772837 0.030710903702551202 
0.27577581836126225 0.41236914258318369 0.022521648925990238 
0.24709978479048167 0.44129132263437054 0.018771359439311745 
0.26528022565497239 0.43081576536491989 0.023520138493030925 
0.25290508948961987 0.41241538704794417 0.027658546140767078 
0.23159782390033395 0.45808170064821629 0.0066666666666666662 
0.22310904389187422 0.46238648883001915 0.0066666666666666662 
0.21937450740959719 0.44930469294862085 0.0066666666666666654 
0.21695900085020006 0.45789945971262669 0.0066666666666666662 
0.21083241383640156 0.45337544964034654 0.0066666666666666645 
0.23057614930944226 0.43236692199140681 0.015659355778322562 
0.22561495975475104 0.45368617243887682 0.0066666666666666662 
0.22072614894897497 0.44741719067758323 0.011471447457356511 
0.23315330143185825 0.44671228707682831 0.013912384330241504 
0.2144680959200953 0.46635498110844298 0.0066666666666666662 
0.18044275040792665 0.4537716776612552 0 
0.050521063349534504 0.51080703468132305 0 
0.059948837269980369 0.5098144989445339 0 
0.047423143655240189 0.51783224400324346 0 
0.056872980110776288 0.51687992223139267 0 
0.037957500161687918 0.51861197355464372 0.0066666666666666662 
0.044113597712295873 0.50476092881657797 0.0066666666666666662 
0.047423143655240189 0.51783224400324346 0.0066666666666666654 
0.041061366493575106 0.51168333432992874 0.0066666666666666662 
0.050470519992781286 0.51088180889167312 0.0066666666666666662 
0.053926392707830076 0.52214484552989271 0 
0.028897040143190722 0.52788790909557981 0 
0.037232776684345444 0.50480664599450398 0.011773886875829424 
0.035848194139254393 0.51942880776243439 0.011313414417161884 
0.0094346070686416334 0.50730736828006917 0.012875294170240418 
0.015962259398335735 0.51522554525229736 0.012010917764931687 
0 0.50480791244080281 0.020563860128840757 
0.019167578632124097 0.52752288730792751 0.012316470308111064 
0.0070417630947187133 0.51905345365287547 0.015981918680407218 
0 0.52903007665833746 0.014215383041210785 
0 0.51615538309481068 0.021903701026749049 
0 0.45358972564215294 0.033324574511616731 
0 0.39704597606067105 0 
0.074910737707871031 0.41878711117068057 0 
0.076390763229397862 0.47814133601396058 0 
0.075733910483488071 0.45415424870318943 0 
0.065002500306288735 0.46832482240592754 0 
0.09406235411569927 0.49107223230016045 0.0066666666666666645 
0.086528327492100501 0.48499878479883701 0.0098274507148641849 
0.1033385657311523 0.48920397586574316 0.0066666666666666636 
0.09833827822641629 0.45266248385178354 0 
0.088501915391724181 0.47505540949631964 0 
0.10871298025372304 0.47998662613574056 0 
0.10097329687985428 0.47685729758986256 0 
0.1117354721159881 0.46935757031215875 0 
0.2770900870224085 0.33875490394131763 0.070815527983070684 
0.25158461303935303 0.37973416749806538 0.034292438811790622 
0.18886209347054558 0.43971338335453086 0 
0.1624854102907361 0.39400205458695814 0 
0.17100116581792876 0.4367576000797056 0 
0.23364643095908594 0.40489173156036984 0.014938395821539944 
0.20907086004894532 0.36058631577671713 0.038666824458787892 
0.20099583785068276 0.43101311130116593 0 
0.22093491483595229 0.39985915624240148 0 
0.18956291841361794 0.41883827769491555 0 
0.20916616902191301 0.41724846623253237 0 
0.19816616200761686 0.40088899142621942 0 
0.12209004285703165 0.42167188828338104 0 
0.15807745054311331 0.39758002555448169 0.033812479781500766 
0.10614791610697831 0.33643172332268884 0 
0 0.38272217475838077 0.088446659477158754 
0 0.46386789755253044 0.082047684930054321 
0.021204730239401396 0.50810170262507071 0.019294111473294576 
0.037301147844028777 0.48698820436419749 0.017697226568718586 
0.052299504747570127 0.46149867268925965 0.029320546856458414 
0.018403827537293863 0.48018944882484144 0.03514020407455621 
0 0.50503720823193721 0.038895427962697016 
0 0.48361567598253197 0.047043070212532005 
0.081832254153824002 0.49992186641705566 0.0066666666666666662 
0.091185830570209209 0.49832322986710675 0.0066666666666666662 
0.061487356800495267 0.5221207296084226 0 
0.066044802570843747 0.49561866687410283 0.0066666666666666654 
0.054415772007827004 0.48964579644069955 0.014247740073548457 
0.064856712550029241 0.4805434814026518 0.015877764519655949 
0.073040453184790757 0.48772028725867267 0.012947634917523491 
0.084014371660710199 0.49227850588972233 0.014505280742743046 
0.055160040108148414 0.50354593802336922 0.01426620651044758 
0.059920863363939612 0.50979948591962865 0.0066666666666666662 
0.069378253214503666 0.50865025382066231 0.0066666666666666662 
0.073364808083066238 0.50060040557334917 0.011452260048813558 
0.062948720292367796 0.50265933890166281 0.0066666666666666662 
0.078629190535055488 0.5072552891766039 0.0066666666666666662 
0.066303852318662093 0.51575525671687839 0.0066666666666666662 
0.069131934960548452 0.52027989877409975 0 
0.044816635225036448 0.53043326271309366 0 
0.33988660253920072 0.62811029088451864 0.48803309452679855 
0 1 0.5 
0 0.766233696607724 0.57392538420643169 
0 1 0.24999999999999994 
0.2155909846843424 0.74870136213155158 0.47137715682866138 
0.36518146731793527 1 0.23765785890178306 
0.27625156176787785 1 0.42077329954529696 
0.48107330115174646 0.87185980575691135 0.14560812464626902 
0.59409093083333819 0.7096389317086037 0 
0.5 1 0 
0.50877126954487184 0.57395794554421342 0 
0.41159637165539659 0.50346295097471272 0 
0.1867382999472936 1 0.2503792128719286 
0.25000000000000011 1 0 
0 1 0 
0.28198144415332793 0.44180986368535036 0.047563527215984516 
0.30059517058975432 0.41788800590375647 0.060262651718261076 
0 0.46449359485084507 0.13733178245002087 
0.16576622449570674 0.31566817031624056 0.16378369243306171 
0.18128070336976446 0.36040604676674765 0.41015510955337231 
0 0.48964306587811585 0.43028851804542767 
0.28497841408451702 0.38338822026161734 0.11398432017949064 
0 0.40123890290178793 0.2400547021210947 
0.23695034985416458 0.45508377234977598 0.014978781322014471 
0.25351525219542564 0.4557634500973598 0.014073717518989674 
0.24617260772093216 0.45803804390006025 0.0066666666666666662 
0.23776600431705194 0.46245791173469586 0.0066666666666666645 
0.25388461509605181 0.46291971164631918 0 
0.24715191465145134 0.47121232128985202 0 
0.2292799541139858 0.46672326396125241 0.0066666666666666654 
0.21208109919921384 0.47478515783393704 0.0066666666666666645 
0.22071734362530543 0.47083275030080135 0.0066666666666666654 
0.21208109919921384 0.47478515783393704 0 
0.22071734362530543 0.47083275030080135 0 
0.26782820726323425 0.45991460765003267 0.022341258560841574 
0.23638666499193942 0.47628735354878443 0 
0.22772628059341085 0.47947144574966821 0 
0.2634486855719243 0.47746850505697136 0 
0.28573529645673823 0.48479604249592528 0 
0.30470167561088612 0.46677927621656334 0.048381066450474255 
0.33834021484910265 0.51460147157261804 0 
0.29936941436469006 0.50288612203545269 0 
0.35321694130286202 0.40121967152436677 0.24223253667038236 
0.50297687048215267 0.51814800042748654 0.25000000000000017 
0.43118196936868469 0.7311690276553795 0.36882892945089135 
0.36167169592362564 0.46146494350142653 0.07917050110173364 
0.49202508581694954 0.69500390309219884 0.19780406232313458 
0.39783794061420796 0.57722965388013914 0.076110453946498527 
0.19711908308230258 0.47382212932975376 0 
0.24692725118825593 0.49004094901530126 0 
0.23352168304725157 0.48833550794847069 0 
0.21823893957202636 0.48426804180542149 0 
0.203374146736648 0.47857927461280947 0 
0.088097084440506845 0.50567951259278576 0.0066666666666666662 
0.08509607266515537 0.51298989413196983 0.0066666666666666662 
0.075712603069263501 0.51445849593748749 0.0066666666666666645 
0.077252051955810544 0.52334245953364644 0 
0.088128663157494347 0.50567399716021355 0 
0.08509607266515537 0.51298989413196983 0 
0.10674243294208655 0.50204887601099346 0 
0.097476618433244192 0.50396486220915127 0 
0 0.5557665833130635 0 
0.033887179594038981 0.54325301707899076 0 
0.11179982648591855 0.45051148289377546 0.014127731463226548 
0.12493038235647286 0.45878260764819517 0 
0.12858357219485647 0.47454813634822191 0 
0.14452105031118304 0.43755141041543361 0 
0.16864773769458169 0.46360687599688988 0 
0.16023442952151626 0.45323454003465896 0 
0.13549321709777778 0.47534938544650912 0 
0.14429385780475626 0.45990695364340733 0 
0.13508273555623129 0.46844099388460775 0 
0.16155032520459336 0.46591060022332798 0 
0.15214272678730242 0.46627439365632783 0 
0.14302327543104359 0.47203982741045286 0 
0.12653625019967127 0.46786391117964482 0.013033829743209994 
0.11463990582817804 0.48196153675113468 0.011490690143229345 
0.097482466112420951 0.50398447555209569 0.0066666666666666662 
0.10048514207843062 0.49652977756175259 0.0066666666666666662 
0.10970439101570213 0.49460289817152148 0.0066666666666666662 
0.096813445917532964 0.49169133253921249 0.016852807491357872 
0.1071750585113839 0.48843357557007855 0.010749535390522482 
0.10677445624574823 0.50207504190508334 0.0066666666666666662 
0.11895487895285971 0.49247157014567922 0 
0.12177673421825493 0.48494294707373475 0 
0.11599648677882356 0.50002448027758306 0 
0.1189757416973654 0.49246682915394457 0.0066666666666666662 
0.12177673421825494 0.48494294707373498 0.0066666666666666662 
0.11596413620360593 0.50005411929559906 0.0066666666666666662 
0.11833448327537258 0.49267619482832492 0.01056231523038065 
0.20686610913842779 0.44404807576527922 0.011918102947433066 
0.21467412635981237 0.42824943326341414 0.021366103856922673 
0.20575347519013115 0.470293734650229 0.0066666666666666662 
0.18476563287701436 0.46460835030875469 0.0066666666666666654 
0.17594030444178771 0.46802187300145492 0 
0.18209617752722382 0.47264330725368636 0 
0.20221481716367207 0.4572838423098467 0.0066666666666666654 
0.19966523053474361 0.46556469120662125 0.0066666666666666662 
0.19352484698075942 0.46102857463876729 0.0066666666666666654 
0.20835531917768013 0.46174410492261325 0.0066666666666666662 
0.19361061481990655 0.45439265956563246 0.010234171523548276 
0.19095672252517434 0.46933156511046958 0.0066666666666666662 
0.18831951383086615 0.47738074569166516 0 
0.19693889082211358 0.47404105843358213 0.0066666666666666662 
0.25822933114539448 0.41597913087346028 0.062528925401874172 
0.21865466660882898 0.41681172764520452 0.039830446997157272 
0.26424199973715951 0.46471613939065692 0.054172049610230935 
0.24039575796441764 0.45053228944579304 0.039545491200509049 
0.22240420342236267 0.46240497095558369 0.012315523172012514 
0.21027727144191527 0.45784609458400688 0.013283329534354741 
0.22259891124058223 0.45352463165300932 0.020176230939581933 
0.20964538217616241 0.46884007428668806 0.011859416402254411 
0.17636676857915659 0.44744408538003766 0.014680846989161115 
0.17594030444178771 0.46802187300145515 0.0066666666666666662 
0.056872980110776288 0.51687992223139267 0.0066666666666666654 
0.045800987823858726 0.52634415434233894 0.0087267201007100743 
0.04910294127725702 0.51519879334127372 0.011866129690218944 
0.06644133779359343 0.52785735291884417 0 
0.057587022187706727 0.52862069749884721 0 
0.032786867843312091 0.54252145428319132 0.017772861668606924 
0.041582009517662395 0.51658089957237208 0.022979930693294907 
0.016582221875869555 0.51962843038349904 0.02463557258344052 
0 0.53766511472766976 0.036535577267290481 
0 0.50816799332742257 0.081406448552861971 
0 0.57793333343449127 0.059425050339667607 
0.074535088415320153 0.43645345483853304 0.046699652196753101 
0.086444506859667106 0.46881008691850184 0.02794307119512774 
0.1047006344540031 0.47577873288943578 0.016680737808267291 
0.19568099546816414 0.41052729920404274 0.087758319972318879 
0.1762422661921775 0.43518702789627417 0.020208560099885368 
0.19015592051832414 0.41195348729552994 0.030535295290877625 
0.14172485145278821 0.43861626051098274 0.040333754446489907 
0.091056947824764936 0.44028229955108605 0.094721345131942164 
0.044126043746867634 0.49132414124599788 0.089441981714188559 
0.047892496484896754 0.50100391430267055 0.052372592066674897 
0.088848283481882798 0.50620469010199154 0.016349965429672823 
0.06468700174787663 0.51863840091679303 0.01691015354610648 
0.072557467771022358 0.49902320643919745 0.025758419220184521 
0.093074777276575607 0.48759368677460468 0.042723955959474931 
0.072912095729234419 0.50884652197364577 0.015175179599069558 
0.079495739272575486 0.51481942105817302 0.01254932658003655 
0.076032137733958574 0.52506354180576076 0.010583803346529088 
0.059481371592633753 0.5418078811819268 0 
0.075382001234216248 0.53298272682120096 0 
0.21559098468434212 0.56620396527858385 0.30444181578599322 
0 0.75560680267031732 0.31574032572387173 
0 0.55628508231986251 0.19171419805105888 
0 0.83673765888188245 0.14241792964312333 
0.29760505206026666 0.77167844620478121 0.18441446472544579 
0.39515510819949073 0.74371961151382282 0 
0.35821823868274605 0.59479875915354552 0 
0 0.67173026023615567 0.096564921008384139 
0.16402813475184921 0.81218786475418314 0 
0 0.61848651818497313 0 
0 0.75678567911873451 0 
0.26162564623947693 0.46287930786277864 0.1104709786001741 
0.12338488421981977 0.54276218238532103 0.19103483176501174 
0.16880750525026036 0.44188414933537468 0.18698425465195254 
0.203374146736648 0.47857927461280947 0.0066666666666666654 
0.20611317853219363 0.47678656457877155 0.011149962912771373 
0.20963467212759579 0.48441660784930451 0 
0.24260047624059372 0.47045003519359146 0.020190618816693044 
0.22288844810854408 0.47526064351102315 0.017637652411382879 
0.21893919140755919 0.48373572503958151 0.0062397038223841478 
0.26404162597301833 0.48323021205332889 0.029939317744680956 
0.23655085331009817 0.49036068529760823 0.010547072072047472 
0.22451687673112003 0.49070268756628305 0 
0.26367303208690113 0.50903092854817122 0 
0.29040326384098075 0.54944772464350788 0 
0.27596618385776772 0.53479693635829217 0.061522902712994113 
0.29436646389948895 0.58133953354801615 0.1509127189539923 
0.19459941213854487 0.48221388868956816 0 
0.23149223878282063 0.50397746522036591 0 
0.21376708912933925 0.49725473273234405 0 
0.20224441236940752 0.48980855142469792 0 
0.0944511062800234 0.51134991340717828 0.0066666666666666645 
0.086737285145782231 0.52538058783611763 0 
0.086299866850934673 0.51672851724783608 0.0097372024214385528 
0.0944511062800234 0.51134991340717828 0 
0.10123864693929222 0.51368423155152354 0.011205330677318161 
0.11306351690610368 0.50755872299562399 0.0066666666666666671 
0.10377461418322444 0.50953927659005849 0.0066666666666666645 
0.11306351690610368 0.50755872299562399 0 
0.10377461418322444 0.50953927659005849 0 
0.05102088573357904 0.58162975954870566 0 
0.13026984678090117 0.45985306582460528 0.026123125712044122 
0.13204035655950039 0.47890753998217211 0.0099582367510935871 
0.130932103394343 0.48255175628191971 0.0066666666666666662 
0.13093210339434311 0.48255175628191954 0 
0.12515519959950377 0.49778546674162466 0 
0.12815092330548283 0.49012253300215025 0 
0.14004060406174784 0.47998783560341401 0.0066666666666666654 
0.14004060406174781 0.47998783560341385 0 
0.1490989423726887 0.47725197582110546 0 
0.16705199126443018 0.47126784639851493 0.0066666666666666654 
0.16705199126443016 0.47126784639851471 0 
0.15810382293429256 0.47434497418158017 0 
0.16081999808273353 0.45731730268528559 0.016372168925963052 
0.14270408968522433 0.46933771444918038 0.015637414489523719 
0.15810382293429254 0.47434497418158028 0.0066666666666666636 
0.14909894237268864 0.47725197582110568 0.0066666666666666654 
0.17313380649196117 0.47611561501949889 0.0066666666666666662 
0.17322887164813108 0.47596549845798081 0 
0.17946772673985681 0.4807791190333589 0 
0.1857598213058414 0.48568778811636321 0 
0.12100790284157084 0.4867174144007792 0.023311054713090754 
0.12241134437956888 0.51170830223267116 0 
0.12231473498000629 0.50540899193888755 0 
0.10778897879024976 0.50287027887100733 0.019407693078995539 
0.12231473498000629 0.50540899193888755 0.0066666666666666654 
0.11821356517277551 0.50437447919394751 0.010366542846031781 
0.12811859733991954 0.49015350474098845 0.0066666666666666662 
0.12515964740406449 0.49782168955315975 0.0066666666666666662 
0.13101243565768453 0.48829505828874392 0.01306742140421974 
0.12456788079319567 0.49761177933593603 0.012812808982571425 
0.19742156607851608 0.45278053762832832 0.03386168269527879 
0.18093023938260069 0.46669431097452413 0.019098805957192603 
0.19447121790688687 0.4735269498410733 0.011790553377970862 
0.18209155023521978 0.47282919676872942 0.0066666666666666662 
0.19993271577407418 0.4669013678826518 0.018947123044522122 
0.19459941213854487 0.48221388868956816 0.0066666666666666662 
0.18819790356088345 0.47760358016553589 0.0066666666666666662 
0.22340812542691191 0.46652363037031319 0.065254978604546057 
0.20858474779370523 0.47146497904902451 0.02832224390597788 
0.1648888764239764 0.46122234586061367 0.03066517571273903 
0.16860809136941887 0.47565763961832691 0.013367583337171977 
0.17934340464044643 0.48100028683503809 0.0066666666666666662 
0.1857598213058414 0.48568778811636321 0.0066666666666666662 
0.058761085065287447 0.53714474532102652 0.02067150469504642 
0.04928804232329749 0.54311121853700961 0.04196192753169415 
0.067394100696015993 0.55765441031112817 0.08615947073385001 
0.067141416461866568 0.5925879250262307 0.041648057845688653 
0.13185670870877328 0.46930645437225993 0.062750017926117466 
0.17843798975516015 0.46483230148839999 0.059562165797980252 
0.096095139022582848 0.51065433214485367 0.065409408495007995 
0.11411149667211842 0.50345113657243812 0.039945051306528485 
0.087244401639817518 0.5231894382314688 0.024187634877511195 
0.084264127957042231 0.54796450069670921 0 
0.13124875476271133 0.63583310581880859 0.11085091789999749 
0.23811735914493315 0.64828547909752532 0 
0.098845382343586363 0.65118062185342207 0 
0.11286374448434563 0.58746885821370121 0.049655235533353395 
0.17273882137861932 0.53054752154694929 0.081541312850645156 
0.2029959504420063 0.49193024764763066 0.016597599556070878 
0.22409967602473285 0.50347747948233823 0.026424781763693124 
0.22669958379553468 0.54841065050798132 0 
0.21098486042340026 0.56562485524575834 0.048220321679539116 
0.19359568208821917 0.49517085431085589 0 
0.20728254375022023 0.5170127797776306 0 
0.20054220876716997 0.50114642111201158 0 
0.11764859915181494 0.5135638146525614 0.012407834135007071 
0.10373412874626574 0.52699224844202464 0 
0.11187166306370358 0.51829651861095427 0.02084464080697607 
0.11433558535823479 0.51718543907956227 0 
0.10751811091047564 0.57374684472194137 0 
0.12463849208949171 0.51762771415816244 0 
0.12810323425630579 0.50919968388206127 0 
0.12878104607573945 0.51318919749286818 0 
0.14916651830500358 0.4820283673183402 0.030342451839408265 
0.14519804862106014 0.48445140803248504 0.011692205805410307 
0.137162387849318 0.48765820975731017 0.0066666666666666662 
0.1372880615032861 0.487637841390064 0 
0.14349791695138892 0.49279421364163511 0.0066666666666666662 
0.13432242643194076 0.49539675993665649 0.0066666666666666662 
0.13152518893627763 0.50309082273486283 0 
0.13430389536327933 0.49537982320701729 0 
0.14620922287371937 0.4850705374800211 0.0066666666666666662 
0.14627608690385932 0.4849339713130057 0 
0.16423275454948041 0.47929861590849632 0.0066666666666666662 
0.15524467483024357 0.48227883228587098 0.0066666666666666662 
0.15531602997311209 0.4821124122194913 0 
0.1643009680213087 0.47912177026257974 0 
0.15686916603938042 0.4822432798126059 0.015550834228836522 
0.18405170150402955 0.49541660931043241 0 
0.17035964446651186 0.48420843306268579 0.0066666666666666662 
0.17055463724146186 0.48401364084043608 0 
0.17685830013947437 0.48899976094534392 0 
0.14056394541507392 0.4937928714289167 0.01739051789163604 
0.12890772444587448 0.50077133459434753 0.028741674978542749 
0.12853844672160544 0.51174681340893946 0.0045698910516971955 
0.13152518893627763 0.50309082273486283 0.0066666666666666662 
0.12761630686737416 0.50502115571492867 0.015801634557533587 
0.13276092881450544 0.4977238816735382 0.010053688005299157 
0.18335400657614767 0.48205101549958207 0.022692996465771279 
0.18254643960599484 0.49398383584706756 0.035888892417015213 
0.16680085044386536 0.48616821277320493 0.019169490202598397 
0.17685830013947437 0.48899976094534392 0.0066666666666666636 
0.1864870250475674 0.49690676643780274 0.0098024060746916292 
0.10491743654055977 0.54553619768721573 0.038486823143301103 
0.1454607325181291 0.51424516889476657 0.044219859768165011 
0.12643775453849829 0.52072685908166638 0.022330692411123346 
0.11011410430157562 0.54254288950116769 0 
0.12997208484696096 0.51737798651787503 0.0099817991972539506 
0.1681676264175605 0.58128133134592963 0 
0.14099467290698195 0.54814341753861096 0.025472788235983708 
0.18904993579001156 0.52586168386869525 0.023561524997674339 
0.19198599983992876 0.50880775732114458 0.009978259235900901 
0.18757326134450469 0.53237357089381332 0 
0.18904313789431751 0.50906813762933201 0 
0.12377840732510492 0.52817161114911848 0 
0.13408683750417205 0.54636179827525777 0 
0.14069179930626285 0.50060495469856281 0.0066666666666666654 
0.13358519146167552 0.51875413492988631 0 
0.13509873113457763 0.50870875970645402 0.0027357203130822243 
0.13430259150681337 0.50933271810063352 0 
0.15691631897615457 0.49677749587521358 0.022775089265975271 
0.14891010971280613 0.49910206540627378 0.0099722388470209773 
0.15244684921011301 0.49014845011613234 0.0066666666666666662 
0.14344727579029601 0.49285404884542988 0 
0.14981148662130728 0.49795212714500109 0.0066666666666666654 
0.14069179930626285 0.50060495469856281 0 
0.15255593092597083 0.48998657508438004 0 
0.16142430863142124 0.4872782632993054 0.0066666666666666662 
0.16158441868583176 0.48708601217078967 0 
0.15888117141275604 0.4951330793891906 0.0066666666666666654 
0.16789777454038096 0.49214859522866039 0.0066666666666666671 
0.17610641899984664 0.50166669236893935 0 
0.16789777454038096 0.49214859522866039 0 
0.14203973618471002 0.51019110747481666 0.012587332829029355 
0.1707817676860042 0.50860956176069294 0.019052403923208065 
0.13947434760608909 0.53196066329287461 0.017967810317354286 
0.1579545820905075 0.53466924914151515 0 
0.17180740807507427 0.51711745439358925 0 
0.14073145429314685 0.52747138790352888 0 
0.14490409134560048 0.51085293731030612 0 
0.15600735752089315 0.50303578375551639 0.0071346218127362766 
0.14981148662130728 0.49795212714500109 0 
0.15888117141275604 0.4951330793891906 0 
0.16489855618661531 0.50612403250279381 0 
0.15626506505874929 0.51672254525363404 0 
0.1553820038065078 0.50553307174692252 0 