0.050236349157461863 0.64817910358931541 0 
0.11410334418501655 0.80375280646536407 0 
0 0.82455833983562332 0 
0 0.63635339582067141 0 
0 0.70000000000000007 0 
0 0.63315042764751162 0.032487050357261994 
0 0.58564802746403044 0.034306654907501836 
0.07327953416306493 0.59764939689920293 0 
0.11563300305165609 0.69038318210586402 2.4492935982947072e-17 
0 0.78375851952709741 0.11339257537874602 
0.10683072814257977 0.65654331943914712 0.089579768802320839 
0 1 0 
0.22330572227970424 0.66342630142151893 2.4492935982947072e-17 
0.47305457467706591 1 0 
1.0000000000000002 1.0000000000000002 0.49999999999999994 
1 1 1 
0.14218774139643389 0.7869253804291878 0.10961110871768923 
0.63238344246947409 1 0.63885810316495495 
0.5 1 1 
0.070045194447931364 0.50288439663690931 0.031401893639664592 
0.092404721490631378 0.52767437153723562 0 
0 0.52155283284844944 0.039348493081124661 
0.046684028780317563 0.53442028958360566 0 
0 0.56364660417932877 0 
3.9374452237724579e-17 0.64303360389523923 0.10866231355953682 
0 0.81522655956928258 0.26902595761623188 
0 0.99999999999999989 0.47304818353068184 
0.31482121713781769 1 0.69971790563714864 
0 1 1 
3.278281785662667e-17 0.53538404508877735 0.12270732358720166 
0.056307677788036595 0.57479676409453728 0.15863395587532034 
0.061278533263098511 0.55310360306167294 0.058784851843486557 
0.084285113791968652 0.57052775207317252 0.12989092669116967 
0.12787942484753789 0.56498715195893889 0.064945463345585 
0.17147373590310713 0.55944655184470526 0 
0.25648018405154466 0.56762656787450383 0 
0.33296928220777061 0.61573616676474552 2.4492935982947072e-17 
0.24937542198691043 0.5051539395955672 0.041506397450800939 
0.23953212764335285 0.50246055585230964 0 
0.11384102601537385 0.66405693046355707 0.17250150557631796 
0.16950943159764928 0.60337751035588894 0.11802414114137115 
0.11973051670687571 0.55760836321169904 0.16263519815200753 
0.25771128842371693 0.59170386707162281 0.10702353398816977 
0.29801023850124442 0.70249043467179939 0.15259817858570671 
0.36834407397824948 1 0.36844094476784689 
0.68092120537806378 1 0.33407175736018774 
0.41876611319256007 0.69525921632186372 0 
0.43732758095247798 0.54657433870468353 2.4492935982947065e-17 
0.35616972486522908 0.54267225869375912 0.10426655449940862 
1.0000000000000002 0.49999999999999994 1.0000000000000002 
1 1 0 
1 0 1 
0.53653554108393708 0.55672404154599853 0 
0.68973271160325211 0.65965590226722637 0 
1 0.63864991396229909 0.36498684614933324 
0.68145156765525483 0.75534037686648225 0.50351921036411773 
1 0.6988196808104431 0.69878326328117113 
0.70037059544738189 0.70027227406932413 1 
0.21154388306404137 0.70966907493627818 0.33437450777132532 
0.37739368734811418 0.70808637374664496 0.64864453282671308 
0.37409696374330897 0.65270743620149096 1 
0.11796056408523541 0.50756839792175945 0.048073733809749275 
0.17672001582904492 0.5441303987277305 0.1298675753637164 
0.070672387959167096 0.48912513763943194 0.093643559206585222 
0.11936041389119526 0.46818694706777458 0.076744653696587853 
2.9229909194254994e-17 0.47736064332354433 0.061318509854790225 
0.12940937433498673 0.48296230456759515 0 
0.089106539728832493 0.46719554901243243 0.034374603327607868 
0.05284193585109543 0.47224049887502978 0.048336276294939091 
0.042297156473981731 0.47719335329415752 0.021263073123128556 
0.065263075884829658 0.4957221867980191 0 
0 0.5 0 
0.081221707931365641 0.57660321195231112 0.24141279811958744 
0 0.58059747682134433 0.23561426238659813 
0 0.64376786026908395 0.43987858856001028 
0 0.66056685185610076 0.69024371343040714 
0 0.5 1 
0 0.47395489218358622 0.17503556716220253 
0.060704681985397593 0.48664426075525591 0.1545396758539134 
0.12675270309797901 0.50077635248660246 0.11326828165580141 
0.12579190701946621 0.49997874170043449 0.17551369621331916 
0.1963533168487071 0.51171929797527071 0.064625351635836145 
0.2597198271266275 0.50320176045682086 0.12957203361148087 
0.26883330678709477 0.45661890436756053 0.05848264485882243 
0.19134141282281719 0.46193903388047469 0 
0.32561602126925282 0.49844010316428466 0 
0.2499996744758515 0.43301216675860671 0 
0.39052471664859834 0.45088684609963225 0 
0.52774510685263143 0.45987345840630334 2.4492935982947072e-17 
0.60327790712686724 0.49161510938991776 0 
0.65397750791095999 0.37032809479484097 1 
0.49999999999999994 0 1.0000000000000002 
0.22320760427628322 0.53379095453294745 0.24529828677389559 
0.29711921007127923 0.54371318112695965 0.20818100786480848 
0.44214741019713033 0.60709870782352238 0.24090135756279779 
0.26648939185945619 0.45940413671862596 0.17413235348977493 
0.45224144987145554 0.47414299829623641 0.099250337190291998 
0.39999147320726125 0.45373356506694723 0.16851202832829618 
0.33896312943112394 0.43581643431400852 0.12758178853375865 
0.31625028546889666 0.40606947089151929 0.041579133141274885 
1 0.36843133868066585 0.63465818592416645 
1 0.47333461706034524 0 
1 0.31984576504631052 0.31949917856044069 
0.72717231465240095 0 0.59251387775944853 
1 0 0.47333062134036125 
1 0 0 
0.62289672803818341 0.49182941959772469 0.16650664856522704 
0.75272447121220154 0.30898385853378268 0.20247236270065239 
0.74578702153402954 0.40399758666412366 0 
0.55310947889120743 0.42223554654553874 0.54962516859514643 
0.25405618192555229 0.49881475889588245 0.43520147780851232 
0.32746875889502092 0.32742611999266147 1 
0.14901766832215879 0.45118293195779474 0.038787711319814629 
0.073207642464694703 0.44409438960809727 0.10334173195192117 
0.17859260422668805 0.46494050716923946 0.098002975841498613 
0.20655478256727089 0.42773842974280407 0.04324668072247239 
0.14105682865068728 0.44292276585031598 0.089287754980466608 
0.10328813530677441 0.44813161848990146 0.066658278218200875 
0.1165923722929663 0.43642038269995681 0 
0 0 1 
0 0.39534552971186399 0.095511698617309432 
0.082388154467671962 0.42847149596912837 0.029950234698140961 
0 0.41465879701171732 0 
0.82460031614747931 0 0 
0 0.4145891375955999 0.30634415156238265 
0 0.28894137157873923 0.54263292948763542 
0 0.38531364762115494 0.1987006276029154 
0.15400204563417311 0.39977351903645664 0.17630477192228519 
0.24918877296245892 0.43069758841280281 0.097498780555379416 
0.29301541719145008 0.38301288969072445 0.074831739105257131 
0.26228520121563637 0.39657238320164384 0.03556592390902219 
0.31062313924311435 0.35970640477429938 0.037430750143323525 
0.21703287971736121 0.38260192618569139 0 
0.30438055635024835 0.3966764833887591 0 
0.41071407566353435 0.3717747126961744 0.051603798368806665 
0.35355339059327362 0.35355339059327384 0 
0.42099732504504356 0.37307845834897591 0 
0.52459842768256149 0.3742711763308546 0.10770498891805369 
0.48894311697920018 0.32762694339734516 0 
0.60126162917653803 0.35844521700962623 2.4492935982947072e-17 
0.37379501775339308 0 0.67898519287368375 
0.29644177729140475 0.39806440479918392 0.27038190444591442 
0.468748166826708 0.37586955656371668 0.23355153471965368 
0.31360640802520151 0.37273935645414963 0.15991802317212836 
0.42047328961512376 0.36527362495651294 0.1284733609338202 
0.34795843685759581 0.34988167341099691 0.092721552095215445 
0.35559899006987944 0.31557589954465221 0.035780801046638361 
0.42882085259720976 0.30116172123813406 0.055778791651960709 
0.39223282980938812 0.28465339162709674 0.079576313586864428 
0.7810941122819467 0.15992288252315548 0.38522507391849126 
0.56218822456389272 0 0.45095096927654177 
0.79749388178009673 0.15094586580224756 0 
0.55867413634149943 0.24197300326650251 0.24822896969712982 
0.79584619440378013 0 0.20353192183708374 
0.67640544519661294 0.09257892967644317 0.17188643529729483 
0.46508244445916719 0.25999123115069384 0.12169134041386498 
0.52792428829474847 0.19020596994410968 0.12906262590798601 
0.58254997294647537 0.28793793701662962 0.10371643256901823 
0.64006750678910462 0.17997552314680657 0.089891777726077648 
0.65552283816562562 0.24553776017846546 2.4492935982947059e-17 
0.32740585033200292 0.25403422732659015 0.44043426419649423 
0.1562006745187072 0.37471929066571241 0.082212692790775047 
0.13574802684773044 0.32153391980612323 0 
0 0.24222622104528208 0.23352718570125788 
0 0 0.46446414685120962 
0 0.27390450679776374 0 
0.70000000000000007 0 0 
0.68879088281350154 0.12476680781884131 2.4492935982947065e-17 
0.17977237320671766 0.22808142636595347 0.23748244838022137 
0.27081424235582202 0.31055387469302831 0.097461250278667616 
0.28517122822823293 0.28524592231651202 0 
0.39517454008360042 0.26492662149870327 0.033406695477581731 
0.39667648338875894 0.30438055635024869 0 
0.47308106678182532 0.24613804152167684 0.048098640375177228 
0.43301216675860654 0.24999967447585184 0 
0.42320834336955365 0.22248868195858421 0.023786288861812943 
0.52505350774109916 0.26180404859082951 0 
0.54053939802064987 0 0.24406009931396663 
0.36926196912654818 0 0.39714779962055469 
0.36575397837358709 0.22646346734564604 0.19442388117716597 
0.36958093499436734 0.23119005552231447 0.063392633189415251 
0.42417504844824572 0.22528072368831328 0.070281913778780555 
0.45571444371609121 0.19102653485335197 0.093556648152600771 
0.49191506632892429 0.12655673238920681 0.22484423059122827 
0.66532035902142184 0.086259413037105812 0.082957163262456016 
0.56311310239892665 0.091778884311530293 0.12981764360492032 
0.64298372571440843 0 0.10869618509570712 
0.47732098517656624 0.13482270568007212 0.095738124233488084 
0.50659363707318328 0.17918400864283929 0.070929073401504852 
0.55129205953473959 0.12297971757332621 0.047498809425452149 
0.53938099974541587 0.18524579781267936 0 
0.60167561027026906 0.14111852430934554 0 
0.29756509038759071 0 0.23178000885873978 
0.18356668807003115 0.16073598143860016 0 
0.16918374963620067 0 0.13832708001971369 
0 0 0 
0.6196167605915367 0 0.05438016767916528 
0.63635339582067119 0 0 
0.58952116822962219 0.066041811662024344 0 
0.31438523419394648 0.15459419973942159 0.087071354764734946 
0.44436483405761151 0.16792491988104466 0.041129329434407502 
0.35766357383307323 0.2063268433846745 0 
0.46193903388047469 0.19134141282281747 0 
0.53538171054072947 0 0.12270650368453437 
0.43018606424877337 0 0.1832064497562548 
0.40642837710946789 0.11024612059009695 0.0977937698663289 
0.48134511223771931 0.063258903050077628 0.081090174227939474 
0.55000931409045406 0.07024054189343229 0.064908821802460298 
0.46470978174299865 0.10343552626117573 0.03155859981190879 
0.48296230456759492 0.12940937433498689 0 
0.53745429736959827 0.10518586217571599 0 
0.38484522897293816 0 0.1189097663162557 
0.34246671528515604 0.089641789485120069 0 
0.31246472269350284 0 0.089837355624752965 
0.2739040775203222 0 0 
0.56364660417932866 0 0 
0.5369055257819817 0.048702199475334322 0 
0.41748896143803299 0.099750452738452428 0 
0.4773609764160211 0 0.061319594856652261 
0.47425316999114375 0.048951093068477405 0.028395532105121388 
0.436330499594211 0.05256647314760228 0.042308450602862376 
0.4957221867980191 0.065263075884829755 0 
0.41465855152297948 0 0 
0.5 0 0 
0.46103967891303554 0.037249436047135341 0 