0.47552825814757671 0.15450849718747386 0 
0.46193903388047475 0.19134141282281736 0 
0.46252272049643361 0.13623387299387185 0.010480375502174748 
0.45311037412139671 0.12465167807927351 0 
0.45068900126819489 0.090018266169208522 0 
0.48618418938450647 0.11672249687180455 0 
0.49384417029756883 0.07821723252011549 0 
0.49845787659307611 0.039229485668050235 0 
0.52439012101498661 0.029260975478601736 0 
0.5 0 0 
0.48079464919404674 0.022287579391124732 0 
0.45347085322004976 0 0 
0.5133519190764626 0 0.025049068123085078 
0.54159980452119605 0 0 
0.5643895080104 0.039361756351232915 0 
0.58920034829153767 0 0 
0.03922948566805011 0.49845787659307633 0 
0.06369692992194928 0.52484998215184664 0 
0.11672249687180442 0.48618418938450664 0 
0.38676716812565376 0.25192973715562839 0 
0.37026055871974706 0.28665928606954449 0 
0.25511149731897537 0.38357680338185418 0 
0.23075700370965369 0.40931982533897648 0 
0 0.45270089601245961 0 
0 0.5 0 
0.022589012943489344 0.47817036716951533 0 
0.029268352717280236 0.52398589632174608 0 
0 0.51514508006471882 0.025984660129852663 
0 0.54201341114349411 0 
0.041400963588504994 0.56518385008458427 0 
0 0.5915933757722861 0 
0.26124886816439064 0.42631940627454773 0 
0.32472350933647276 0.3802023800131501 0 
0.38020238001315004 0.3247235093364727 0 
0.26102631443774132 0.46512495952050215 0 
0.40450849718747367 0.29389262614623662 0 
0.39353964795623675 0.27700829361409601 0.01143883047491397 
0.41969273612671287 0.32935472293252632 0 
0.44550326209418389 0.22699524986977349 0 
0.42631940627454779 0.26124886816439075 0 
0.44428664947992291 0.29707772870603683 0 
0.40653400750402008 0.24486649817837017 0.020136031099307724 
0.4296578187950002 0.20262442258888114 0.0194281972386788 
0.40902568222008528 0.23014078058673237 0 
0.41487211619009001 0.19511279002447432 0 
0.50309769314338315 0.18199025598327867 0 
0.44841752786297628 0.16558811537311 0.015254470533622774 
0.52623839389757154 0.063516987143427739 0 
0.51365013399925386 0.14243921090578091 0 
0.52306626299507097 0.10363811474328756 0 
0.45609331036749534 0.21789649929689886 0.028040672834532224 
0.46708107954964279 0.26175356541235106 0 
0.48489052589209491 0.19539400235365148 0.028040672834532532 
0.48507273761262409 0.2236148282960029 0 
0.53017583994033113 0.2112485062831726 0 
0.54364159848078553 0.17072153598408601 0 
0.59580236800320185 0.078979106087311388 0 
0.5521223168206757 0.12930693113198047 0 
0.56056921773205926 0.090331486136222772 0 
0.49479109402035704 0.16184912781657956 0.027836336168766785 
0.45888183663459919 0.047796486860371273 0 
0.47198091894825228 0.098253995306446601 0.010551738938258001 
0.47811119433725635 0.065447891274031 0.010074419740425961 
0.48088553011654794 0.033006230350674313 0.010636687962121624 
0.47544006484963008 0.13436563659794595 0.036991998186098288 
0.44829813403585944 0.12998026813787522 0.036973744249236676 
0.42863588554411047 0.15614244522298046 0 
0.41096413906311924 0.10773551674047717 0 
0.41893166545624866 0.046910808616908356 0 
0.43529462990671841 0.085226408519473607 0.024324969436944732 
0.38254026440495031 0 0 
0.50271891623484277 0.1047114927834541 0.033850001249324711 
0.50418226763670826 0.062283738433833592 0.030826953506493927 
0.51945524299541734 0.037805609913076577 0.030826953506493927 
0.61893093827607726 0.04552611226745306 0 
0.55629302965793659 0.068340865241887455 0.034906084385656178 
0.55346590143859287 0.034170432620943679 0.037730766842276386 
0.49533630849153243 0.01650311517533698 0.033122249744724441 
0.46890561794468055 0 0.031134418257539046 
0.42151502427108983 0 0.043249422484344394 
0.50978708686651719 0 0.055607811527327605 
0.55063877321924892 0 0.040555449298896804 
0.60406020833480534 0 0.035416491393791515 
0.64056088736152883 0 0 
0.65147940311581698 0.043221735556122028 0 
0.63526990509987113 0.061880917852787758 0.027531074044098228 
0.58547388992994553 0.045938178307502221 0.034906084385656191 
0.60297464841361126 0.078046311263749016 0.038688441763229969 
0.10369417199062297 0.5223767006142227 0 
0.14535315786537112 0.5147934526316752 0 
0.15450849718747367 0.47552825814757682 0 
0.18443389068983679 0.50171788154678976 0 
0.065616643925394236 0.54967334932416134 0.019969537138241122 
0.12791600676620873 0.56049698547728266 0 
0.084992058842742288 0.55047218725247082 0 
0.19134141282281725 0.46193903388047475 0 
0.16755852506801344 0.50342766776659631 0.024309175013574682 
0.13056272040901692 0.46460623468851553 0.010041415333332497 
0.078217232520115407 0.49384417029756889 0 
0.03736357983646086 0.47679671002041274 0.014942659208451394 
0.047275886911522673 0.45720846331341974 0 
0.10084648460832296 0.4718084187546871 0.010179056535860384 
0.090079932632764509 0.44803594597315732 0 
0.044918335850386452 0.41869944793387248 0 
0 0.38134007025303229 0 
0.10552363608075629 0.40994607439801173 0 
0.13370282815899698 0.49566082168545478 0.024309175013574637 
0.089832324262283214 0.53416284856373808 0.039939074276482633 
0.045203355371929856 0.50304070193905115 0.03532768068830313 
0.092151747167456499 0.50054030594555232 0.034668879976308055 
0.22287439263663866 0.48390171492271378 0 
0.14221682073689818 0.4378513427894698 0 
0.16198846403064818 0.45283326644211863 0.011787122168323835 
0.23880074081473249 0.47342199668490093 0.026509344998571462 
0.22699524986977337 0.44550326209418389 0 
0.19735306065068045 0.43895044723118931 0.011417968628389704 
0.28833901229098013 0.36805465698311673 0 
0.26660656487117285 0.39344393637356279 0.01908479062558122 
0.29389262614623662 0.40450849718747373 0 
0.26881398318981997 0.42310667332160662 0.035379162798224319 
0 0.64368508697045401 0 
0.086788240717559723 0.59106926691863881 0 
0.2927505891818265 0.29032847673140283 0 
0.2975961489591476 0.37838579547775136 0.011291619540357822 
0.33371232030875375 0.30631967383599767 0 
0.30917022480017947 0.3338426371689957 0 
0.32134142151133349 0.35586536604705016 0.013445292784143364 
0.35355339059327373 0.35355339059327379 0 
0.39861002328397704 0.33297402186277852 0.021682820638423972 
0.3721586254221898 0.30209782971159277 0.01361325162503451 
0.35115298712878634 0.33002855930194813 0.010758105331845121 
0.37688358384365794 0.27362312151616686 0.04038980584831129 
0.37182787298798259 0.21305738493995527 0 
0.33195129850474941 0.24913861479199026 0 
0 0 0 
0 0.28644690862344041 0 
0 0.15825873358726428 0 
0.10642240926557765 0.20080537996695402 0 
0.098600643982326444 0.098094504756003606 0 
0.15728677936982055 0 0 
0.10421893645262401 0 0.097764057745054353 
0.22233789068115972 0.21589115478535284 0 
0.28069663970640851 0.24638687976813203 0 
0.34484690238149596 0.26687857255457936 0.034216031731977015 
0 0 0.16666666666666663 
0.22493600893353427 0.42100840021949326 0.01615135443199071 
0.25355190226706592 0.33037091879022151 0 
0.19429237913001735 0.41424418310935607 0 
0.24625935265170912 0.37901174662387194 0.019506845441482901 
0.25027803374307661 0.27637958018990166 0 
0.21575874976015663 0.37195773218263301 0 
0.18521880110802486 0.29566537667550202 0 
0.15800693727127593 0.37734157268543428 0 
0.079224963117545857 0.33561957570556727 0 
0 0.3214714136989637 0.083254089987102944 
0 0.41643635415041125 0.045651411061623792 
2.8711673733922327e-17 0.46889721597953798 0.03115476700164526 
0.034172524176627306 0.49971120983055806 0.065942942886860798 
0 0.5096092887674567 0.057175915568292907 
0.053043130907398789 0.5292846938576895 0.055712702168155187 
0.032808321962697208 0.55050314772300213 0.031028590760967603 
0.025964344827888654 0.53049912357756102 0.074846013102072936 
0.036493464066610228 0.58317165791425196 0.032271799300348382 
0 0.55133294612184347 0.042087644383693938 
0 0.60631346767494632 0.036266011444739024 
0.17154828930205829 0.58687485311267995 0 
0.1289187795912615 0.6022909919852184 0 
0 0.69579005798030269 0 
0.045405754470251691 0.61251726326257927 0 
0.045614390327945176 0.65535324365202374 0 
0.063171929089430368 0.57858278305897426 0.054452381790543375 
0.043027064302231383 0.62582640642493725 0.035687939599015187 
0.10110975343136151 0.61508593212273888 0.026596030706465757 
0.33507233444722617 0.40178011089636478 0.023599012336937265 
0.36552232547946084 0.39194048558000033 0 
0.25574649015659923 0.50640864492076221 0 
0.27568371267183944 0.48037157288252008 0.02247150639057377 
0.29661572794224511 0.4420693533451282 0 
0.33298189450679633 0.4182672079674008 0 
0.32081050378913201 0.44255428771979821 0.020776107451847537 
0.39308199199321819 0.36183889187339452 0 
0.51519350465926583 0.26200351901204172 0 
0.48590788358505843 0.30074055338503386 0 
0.29616405275975533 0.48636021581439298 0 
0.43545688116443187 0.3661733622316839 0 
0.46169340044018903 0.33592750162874541 0 
0 0 0.33333333333333331 
0.40125653496392477 0.30386707695251564 0.031125683657436443 
0.42055699218079651 0.27547369625556301 0.042731957830198022 
0.44699470096013472 0.32175465913590129 0.029347681615582225 
0.44653879924977008 0.25046717438340188 0.037012542592740671 
0.46418240040743108 0.2850285765121649 0.041933863188029032 
0.39319007012071711 0.24462574214094956 0.054339802804328569 
0.4463979963612219 0.24087151223932246 0.070853496920370171 
0.30325421159338872 0.18113517849730074 0 
0.33792883681746988 0.080642937444205393 0 
0.21045949846619377 0.11475241622271884 0 
0.28653522982318469 0 0 
0.33446907294443234 0 0.080183518056437114 
0.43116951146580762 0.17300807191190759 0.045066005159131388 
0.41104861902439915 0.21379503188462134 0.052303841161535511 
0.39821822531427531 0.20188852987996614 0.02970228902109312 
0.37748602008318399 0.15814812715902088 0 
0.52884776418696156 0.16995564721488554 0.027836336168766729 
0.46668335864080668 0.2087977487240239 0.056081345669064787 
0.47752038392181639 0.17064757446302192 0.059792483269543263 
0.5434183847830466 0.1020073262680942 0.03825688537967719 
0.53054373990815662 0.13567378729430088 0.041607686373698195 
0.51405392989313747 0.16918975844568537 0.055672672337533716 
0.49175145687936794 0.24278515680527885 0.030472127790503612 
0.51075877942059966 0.28375351828335166 0.030472127790503525 
0.51694236921347214 0.21310979057116961 0.046367247049725405 
0.59608070801676594 0.11828019748692924 0 
0.58396856804398023 0.15828018643146297 0 
0.56935741035019272 0.17136072434799099 0.029709998443065523 
0.53973092791359933 0.23061018900762587 0.023931712988266129 
0.56490612215746427 0.23877832981846495 0 
0.57356826885129353 0.2012081342441546 0 
0.6114227977913661 0.14972449082786143 0.024026548500339431 
0.62047540689727676 0.11015444421999582 0.04247079914080374 
0.69370136490420586 0 0 
0.64051263309959894 0.093833780355562876 0 
0.56555907619513801 0.12693702948828847 0.043154991190178182 
0.56986452499122764 0.10142746645754963 0.055085400819726404 
0.48198390937128482 0.16914689348108747 0.090679894890084989 
0.48835740920282622 0.13249740020201989 0.063503620870021746 
0.52213190486403516 0.12454487480159755 0.089522673586858115 
0.45962512075031725 0.062717300298469864 0.04864993887388902 
0.44617107849749593 0.12932101310973876 0.085399555366345498 
0.37430400133527153 0.10419616771469575 0.037225388759119071 
0.37112198258735896 0.050244208270370572 0.074450777518237921 
0.39526322377250117 0 0.11335973818841488 
0.52111061741596454 0.08892528213946399 0.0673154788267252 
0.51529679274168316 0.042716829049519726 0.066369935401880145 
0.55217440153354824 0.041029296981558175 0.068090039748750164 
0.54947438226627809 0.09178809827400479 0.084785291169887964 
0.63002717710014355 0.029928055350012264 0.055062148088196511 
0.57305547028524573 0.07651004347955484 0.087546045957171997 
0.59649413253173644 0.03651749584714592 0.078941710638436788 
0.58478004008244888 0 0.071924335043974899 
0.46709315904346144 0 0.095751367637382109 
0.5353687940784192 0 0.096060952761141377 
0.67360540286604531 0.077189996164340052 0 
0.70677608460062757 0.037870519441246697 0 
0.62017900446762286 0 0.073777002561857263 
0.67966431401671301 0.036672616348019459 0.031653557695702494 
0.65504216408929883 0 0.040351114524122204 
0.70881361642816521 0 0.027210471784432623 
0.66344508745744046 0.075666040375650126 0.038524417060138538 
0.64969824310968005 0.035596217103204174 0.058413102182780979 
0.62834446514665765 0.068320363408794993 0.057929034210454061 
0.60598378013930398 0.10945713919926431 0.076516240826677795 
0.6102497799273654 0.070402563789140254 0.079463621464406886 
0.12662151761716764 0.53904100326978677 0.024165446384810087 
0.17813438557452402 0.54513257091897627 0 
0.14406091754737146 0.58155087172708653 0.024309175013574769 
0.13663496221987834 0.61612635881768774 0.044113928359149047 
0.19905015699198447 0.52050042161163967 0.024452903642339454 
0.17030259237184883 0.52892175099567873 0.035303671077462427 
0.21602575671049068 0.52628636001301243 0 
0.093843020348440609 0.59595516561455975 0.064691111577804258 
0.17655257565896421 0.4791021818718928 0.024452903642339742 
0.10788987736896419 0.56328855390789856 0.048330892769619813 
0.08174418681730225 0.56598562781946549 0.085184315659420862 
0.13673966966103665 0.53689382654750806 0.060701073219554494 
0.15068315944618985 0.50513745398640286 0.048618350027149544 
0.085425637613264896 0.52790240407678846 0.074026711797965633 
0.19859665413045438 0.48267610559620916 0.048905807284679297 
0.12430877565787472 0.44839276084855689 0.042013734365993191 
0.053597180308988274 0.46203641556255115 0.04269214727344349 
0.075252327303090505 0.39875485113869724 0.048578593461774511 
0.10608626181479744 0.50723644159353598 0.069337759952616304 
0.068345048353254431 0.48981313089365913 0.074709970205428453 
0.23598334440488178 0.50299063704915015 0.034697958211743554 
0.25472708899282664 0.46294227844708802 0.053018689997142765 
0.29748172716046423 0.45361896122863365 0.046070518727510702 
0.18670000479838947 0.42592852052553548 0.043036547347440779 
0.21927925332834561 0.44386735979891595 0.055223058812207709 
0.29046385233968225 0.36272143691215319 0.044590550332401641 
0.24110965855966446 0.3949342037896228 0.058412221385506002 
0.24905061766034936 0.43038994065192582 0.081954093410150322 
0.30462234341499128 0.41161973621272963 0.047198024673874156 
0.27908248137714131 0.42277685820517719 0.068954130492247467 
0 0.65455880229062213 0.043490545279440143 
0 0.71003775864941876 0.028956034591553215 
0.098109757114388046 0.6388441377294527 0 
0.086199910493873516 0.67782516015133187 0 
0.045744098063404549 0.70577330856570597 0 
0 0.74789502899015137 0 
0.19034200332682696 0.56798174875499519 0.024309175013574602 
0.22148095115017222 0.5751527460410355 0 
0.2835469685988351 0.30299760144539278 0.046894374555438378 
0.32666495082876046 0.36893195869271378 0.056993631708424808 
0.34696369745561856 0.41486996917601804 0.070873684927377167 
0.41407993807363719 0.25365551347807885 0.075058976451090609 
0.33764169390061766 0.31795085176676086 0.049243586937402564 
0.37481573039286709 0.35406647648919298 0.030491917072658938 
0.41701766655480421 0.34122453438908429 0.043365641276847958 
0.36286604931783906 0.37514248047327475 0.069396713084447836 
0.38967581454886852 0.31116671624775849 0.052930338210972816 
0.38175015114436017 0.26162191841082344 0.072683341803829946 
0.36415292236650493 0.28637415027941399 0.077467316451795193 
0.34730544896589288 0.19506524345072607 0.057553749075701877 
0 0.15381477771990626 0.10676249633935073 
0.15692055019956197 0.25692599887265799 0.059574418608724811 
0.19461002193821386 0.15863769387909465 0.070267349770038456 
0.13897333008002632 0.11557951588355087 0.13882475539722339 
0.22432239594466791 0 0.098414320723764853 
0.15138888387218863 0 0.24601474998232928 
0.28352457348296028 0.25093356031448821 0.073688672292237023 
0.35427685510457441 0.25782566109888422 0.09579863804953187 
0 0.13685821834570092 0.24204852497939031 
0 0.30269763910019704 0.19815842887295504 
0 0.38729646390987421 0.12471582591281724 
0.1959592764662047 0.35472955226708491 0.056829537639349614 
0.099388260971342401 0.38832595191207048 0.098867480919806405 
0.09872191034834038 0.3103353586416473 0.13169999184161768 
0.086863861853714197 0.24482070625007862 0.25413600280504245 
0.23831920094729125 0.3275966816302579 0.11628738216777634 
2.8602408472623005e-17 0.46711277884426938 0.095817417212161943 
0.045292249119435857 0.51521000573528275 0.096256035279699143 
0 0.53338602059699824 0.096655949761279947 
0.22064359077975582 0.59807938444808184 0.024166905329299583 
0.17185423015522652 0.60202081931265816 0.030815913005916285 
0.22050355458748583 0.61774011122963823 0 
0.041442617350252675 0.55703079262367017 0.09728092263153533 
0.036167985988155897 0.56672334218135456 0.070352624488745505 
0.062706065790948312 0.5942505747724427 0.083327872583911583 
0.031585964544715142 0.60115946574391943 0.064543598600697139 
0 0.58479235593144463 0.07213265708654544 
0 0.62373614842886504 0.074634815410851096 
0.1534445079205248 0.63908018307427106 0 
0.10663042627838148 0.66267733033338638 0.021970167614338079 
0.039248522803144996 0.67648102690077583 0.034273880924712986 
0.039382765849356363 0.63812839071801275 0.070186677864238406 
0.074213943373243565 0.6501465588768236 0.036520535290681132 
0.07483734136204627 0.62593309139128828 0.058095230551929958 
0.11630704348797552 0.61337704594824793 0.074672774761327124 
0.11331708885881522 0.64759529450772924 0.050268601116054773 
0 0.59779173412281172 0.11966656096246264 
0.34500527963601862 0.443039222094468 0.041552214903695428 
0.37273080311927631 0.40346236927189549 0.028542908175048776 
0.40710170116978556 0.40082060730350272 0 
0.37836202140120223 0.44122476724122828 0 
0.3347539286428074 0.46721714200824727 0.064770558157377076 
0.2652800421794469 0.52806393571791332 0.024166905329299618 
0.25069489196746225 0.54192643487984493 0 
0.29223938817118628 0.53453981662847194 0 
0.29034111090593723 0.49561818624453785 0.044943012781147255 
0.31232309047865919 0.50179918458744766 0.022471506390573583 
0.35405013037235422 0.47740891051260709 0.042747989185611804 
0.33116762368359809 0.45882992582990922 0 
0.32484372574916504 0.48559891920905962 0.044628419933892841 
0.38792798961646358 0.3813148792014649 0.047007297762425307 
0.37993928075909156 0.4149842529637911 0.057085816350097178 
0.41858968969589228 0.39303244180975788 0.030484138792262083 
0.5024566921300897 0.31257076494653835 0.023427591891658706 
0.50430347234702011 0.30290714053983203 0.065227590860369583 
0.55692447346777063 0.28755991853739887 0 
0.50675403950731768 0.34270773954953321 0 
0.52308738269508714 0.30555155125214845 0 
0.48187105607640013 0.32006540660503507 0.046939500369837794 
0.45148796585977496 0.36660888065117131 0.035023049914427284 
0.48278776674106605 0.35383075802441999 0.023713202027778747 
0.36584365255968182 0.48123148228537638 0 
0.3343050700513811 0.50798018293035729 0 
0.4457246601021666 0.40027944700905432 0 
0.47920577572098355 0.378728419989589 0 
0 0.14934782797879778 0.41381937096776489 
0 0 0.49999999999999983 
0.12595173047132946 0.14864223785351904 0.31420744510859089 
0.15036125369937012 0 0.41259677356244129 
0.45041892447724036 0.34346844103854901 0.066806737567167915 
0.43159573976048871 0.31103432418381299 0.063022447151448169 
0.41529861421780079 0.29068306285186957 0.081182397235155565 
0.44630143798022304 0.27763967835752695 0.073435080669452188 
0.48349093447649233 0.28972823663944691 0.071992409315984121 
0.46182181348082491 0.31532134540914369 0.074812375487984722 
0.49843017614611207 0.26195548531455459 0.060944255581007037 
0.52409625903471224 0.23969312945296722 0.069006779451998831 
0.49464302701143242 0.22986272913803418 0.06459330023211439 
0.49882532463074142 0.28764434638645398 0.092996960854154681 
0.47233609242769142 0.20704735830835724 0.095053746193514962 
0.47234368480939282 0.24661566770489879 0.082819353414503361 
0.50370889848661349 0.21497107485916678 0.09273449409945092 
0.42403926985875673 0.19200192526621668 0.089742136245837587 
0.3998759308282086 0.23739093612156278 0.087782310986573298 
0.44625719347267356 0.23127585009524304 0.10469445124799968 
0.43437087535839264 0.26162744802329085 0.095706822406465775 
0.32072894090362858 0.10048841654074131 0.10565213255213146 
0.32592166701086045 0 0.18966290223832119 
0.38828331109984904 0.15032973581398917 0.077897552693340533 
0.54472081256496729 0.32814213137043807 0.022995856226542124 
0.52869177271486778 0.28601989710196662 0.078120184836238074 
0.54295368900212482 0.3012008286844699 0.04456384256912465 
0.44991388884943206 0.16910402851648937 0.12568711744263589 
0.58769976760722953 0.1518667327084828 0.048053097000679175 
0.5547462526564052 0.18444126226451898 0.059419996886131379 
0.51448214554210048 0.18335191727882802 0.088264250220000784 
0.51180527914624518 0.19837017176970068 0.1196496252846089 
0.52485304095581609 0.22477844058923885 0.10248080375902585 
0.54743734581705972 0.12890836368282063 0.083215372747396765 
0.55541371173600129 0.16621274000775169 0.091909045698802275 
0.52501016664289168 0.15638926090809166 0.11134534467506714 
0.50580537417768612 0.30532614232755734 0.093130639431468404 
0.58077181684652979 0.2857943525640429 0.02374317829445265 
0.59170820638236032 0.26524220105348018 0 
0.55111599875265271 0.25619177572649243 0.048188240367002866 
0.54785936988240158 0.21274661386629248 0.076515559501655034 
0.54696637297722506 0.25217131822040867 0.095945756662940362 
0.56106563225187622 0.28062779480684485 0.077178601597383795 
0.60047933692764988 0.25052151171798764 0.032609270783691295 
0.63514582797550267 0.14758224894724034 0 
0.60949270782779708 0.18799215275207531 0 
0.61175462092747401 0.23539712882012098 0 
0.59130099133329883 0.20828696751158027 0.039273022780618075 
0.62683827958371141 0.17390759781900994 0.046293134401101832 
0.65368266856544244 0.12454033051272143 0.038498023604558784 
0.6306325863015193 0.14245347572693207 0.063221105567578539 
0.64727480684559469 0.10517349469094461 0.065353702484817866 
0.74685068245210318 0 0 
0.69510397158573323 0.09929747143152641 0.050906657953468007 
0.68257746807433872 0.13418776821407177 0 
0.70524531979264493 0.092326564490392893 0 
0.73894633433225121 0.052448852487803781 0 
0.59436139878126182 0.13434293837107281 0.10363119065977916 
0.5819061126716446 0.097238602479505609 0.10781884193823865 
0.54739094610282024 0.10222385979345426 0.12696091419567182 
0.47793806843829795 0.095069491253983396 0.13540000499729812 
0.3945458652347551 0.093299671375974835 0.14417860470328259 
0.42601377017397574 0 0.16868559997990673 
0.54702830942210967 0.048473635800234498 0.12852057049472113 
0.62528784445155494 0.03309621713575988 0.096092219671393808 
0.5971116614744576 0.06076609849801367 0.11936373450051004 
0.59675903095887084 0 0.11844491381311725 
0.52293372407424066 0 0.16865840040839017 
0.72917388160650942 0.067416512886097332 0.051336799635509855 
0.69812185603573207 0.041229456796785427 0.067723666432994684 
0.65937282342340231 0 0.10721135044782713 
0.6908447588871639 0 0.06875204668435296 
0.73045183506732014 0 0.042719877019706649 
0.65965350787839405 0.066743250282092603 0.098357892364478963 
0.63696521738948653 0.12141185192358615 0.093117635717006583 
0.62067308477450145 0.095073108150345975 0.1244146549740425 
0.22372406097081626 0.50108524565087076 0.060377336113950464 
0.089327629896321092 0.61245139914556557 0.09074253211822754 
0.14748970784027318 0.63762279251336151 0.060477866449094281 
0.13032016226676202 0.63257261244245777 0.081404668234474287 
0.15920305550348179 0.56081075146895454 0.048618350027149565 
0.17678511594479984 0.52800283822382699 0.068437125088238723 
0.19813930305049562 0.58196906454134645 0.054519977634409494 
0.16394619990314063 0.6039062543040834 0.073205402627954885 
0.14003709919433249 0.56746542903290853 0.083017774010104517 
0.14964883613618332 0.53935828311452461 0.090597590149025894 
0.21456370733233621 0.54266317117157392 0.051126647228478463 
0.12294003952403823 0.59852674026886987 0.10242310328189097 
0.075665059709929414 0.57742903415101243 0.12328640602979546 
0.11602330617591049 0.5627319535871349 0.11351110231358155 
0.068648855598255759 0.5420931263359805 0.11746996308422371 
0.16753076791759947 0.48952376312405638 0.07965687112110903 
0.10614179493501244 0.54148041425760796 0.10849713676347189 
0.13131789667067481 0.50068804785664933 0.092368738705354086 
0.15431599064278073 0.44192771822222954 0.098955607821518007 
0.22683574823968816 0.4664306054294482 0.090103949942560546 
0.087593173225080936 0.51264301388994526 0.11551067611094122 
0.197538476247723 0.46760372479653933 0.086508866299547404 
0.078322084823321717 0.46909957011101916 0.1167938007355879 
0.29099994810629148 0.47924755895165827 0.067978272144902777 
0.25586712591673727 0.52329993966377431 0.068782728795461545 
0.24778208591850623 0.47607310600831759 0.10606722792737422 
0.25513151305936294 0.49374657861989624 0.082567367800123581 
0.32108088891971237 0.45244264520033167 0.078899951955387529 
0.22454091799369244 0.42304756993388082 0.12287467292974338 
0.29583449132032863 0.36307666934371358 0.099692081873116095 
0.28752833784942727 0.45094582516151099 0.10862413926867168 
0.32051860649193653 0.41774252751874336 0.091985930843153318 
0.35007406701502819 0.44489193537163096 0.085878653347507217 
0.34913454776967207 0.40431078489245742 0.096087288157577666 
0.42919851726576852 0.37882671175550131 0.066180644294601007 
0.4844996435836475 0.31897470960848628 0.094133398921980554 
0.3745532361208872 0.45975804938826798 0.073406589264989233 
0.38789337587465361 0.42840492403376323 0.084633766369007296 
0 0.66217481799746281 0.1073407026041682 
0.037781552663062802 0.72537658487800061 0.031116511087181775 
0.083090122801182983 0.68711086989362657 0.042570812485248188 
0 0.69212435497592839 0.068535649133372831 
0 0.73034040606917228 0.044264341490791052 
0.091890388371556789 0.70681639459741941 0 
0.13546739564356869 0.68601538180619004 0 
0.055196078112136462 0.73871508987573464 0 
0 0.80000000000000004 0 
0.24031815193816231 0.57250584290867934 0.048527533587864678 
0.25721199753611568 0.58921528238647924 0.024166905329299437 
0.27481359420229462 0.54971922651506488 0.048333810658599458 
0.29568177202467105 0.53343140066145389 0.034515634949316823 
0.28531674628610898 0.50661003538170213 0.090392874223178349 
0.29544501865516704 0.53079897647227625 0.075696400311715373 
0.26842732559268107 0.54180350226826079 0.087488013237210865 
0.21566347429805177 0.58597087797117342 0.079608292048788373 
0.25268749260068341 0.5591739730796732 0.085551579925174717 
0.28160137788175449 0.59589807235907621 0 
0.25680082307296365 0.61782446840529637 0.037301517992880687 
0.26388496487523938 0.64323782163022447 0 
0 1 0 
0.30363878415345447 0 0.33784809618368011 
0.43522543757113225 0 0.26166646866359583 
0.34745544741485712 0.32545984518850207 0.11772238111939476 
0.38764122987698685 0.38674900952524255 0.094300910806946636 
0.38523840452815317 0.27540633450099078 0.11266594286616584 
0.41654956718371206 0.34437650548548271 0.085828460978101748 
0.38132827503668182 0.34469641032329557 0.084547662897189346 
0.39464593897783434 0.30859711547946483 0.097033405597816758 
0.34334184393157552 0.19441614411874863 0.13282697378105807 
0.17372772370742828 0.23115903176710162 0.17988545304939263 
0.24982469535914453 0.11557951588355081 0.18477417764385667 
0.34563436423563287 0.28589808688328128 0.19133613989310994 
0 0 0.66666666666666652 
0.15434865138375964 0.093428860022981619 0.50402991094404737 
0.15412100687910857 0 0.57973407960939072 
0 0 0.83333333333333315 
0.12935780432578939 0 0.75662476216356878 
0.11268236001672292 0 0.88690696971884597 
0 0 1 
0 0.11277532287098602 0.8869189001055352 
0.10008406886593241 0.2351001713507363 0.42435200262983347 
0 0.25848238073305591 0.32838655256069244 
0 0.43112204656738073 0.2041384146474961 
0 0.31269015162813424 0.47461598618938894 
0 0.38733738277330171 0.32545859656976561 
0.08545744689635848 0.34856692442893933 0.24992950519422885 
0.15710536797073726 0.38747467710900396 0.18236417659554616 
0.18694793071964649 0.27600577324488812 0.30738504367064734 
0.2570404768507803 0.33967645566295535 0.23679695164271447 
3.2026506053619956e-17 0.52303253600822797 0.16872343295306694 
0.21409522511272128 0.62420375203725842 0.058426261576852705 
0.20656516876253683 0.68312917810271989 0 
0.17802768400312799 0.64509980446992743 0.046928615997777395 
0.040666571862972893 0.60658802496656417 0.12372135766187534 
0.15045555457881751 0.68938097406267362 0.066595466415222987 
0.056362852106008846 0.67023840741897223 0.091512152476216066 
0.1003419547105954 0.65961972537478764 0.082133227310340562 
3.8801278721840723e-17 0.63367297001642742 0.1935665739431478 
0 0.54062762078021909 0.29893793164872656 
0.3896495209504352 0.45313234487697573 0.045747213948193338 
0.40755575793845411 0.42428848449076173 0.036812819085234393 
0.43479992963431996 0.43867471266368091 0 
0.40593461966562749 0.47731794172882636 0 
0.39049929026350222 0.47180981916460463 0.076571434851175305 
0.32464379416429162 0.49617400175764276 0.076837350667953996 
0.35781367260359498 0.48013248927988433 0.082202282672417859 
0.30486692860464865 0.56301950118969368 0.025941240188486505 
0.32865217822020099 0.55647501695356016 0 
0.3284921923838246 0.59594174807078548 0 
0.33591028703010817 0.52647062883488005 0.04544157262251243 
0.37374683785700547 0.49560736237089131 0.052736240548817759 
0.34828146262492221 0.50614779938791543 0.024400790581374079 
0.41368558550734147 0.41943427418640661 0.066299139254651182 
0.44162236367647828 0.4142702243212667 0.048920659750134335 
0.53230336590949179 0.31486087648536876 0.1015091398562825 
0.51229595077405754 0.35665235031364539 0.036398854284817775 
0.54396693066979596 0.35992574603949812 0.044878689618160245 
0.52226441407374569 0.33439455554187875 0.069204699858229995 
0.45109479988785117 0.36700398663663153 0.09942727452157353 
0.48210031244658691 0.34367335393248027 0.087697857822695485 
0.59440767116257276 0.30322321198963587 0 
0.51952103941590277 0.38405226025445033 0 
0.56430720330564454 0.34339218595760046 0 
0.48902709532316924 0.38926633427860419 0.061492655924567707 
0.50684085692090508 0.39648194664890252 0.028917927647203492 
0.38528894267259572 0.52901603084484983 0 
0.4714154179165016 0.43285511686933165 0.033820480088688119 
0.44883618351184906 0.47148807120426178 0 
0.43321517082210798 0.50692533700490228 0 
0.49218724016302012 0.43592625748568514 0 
0.53333256140736052 0.42064022076463881 0 
0 0.15758542138770359 0.57207676024023346 
0 0.13026722874333083 0.75735962957811642 
0 0.24382838501061929 0.86667156629492637 
0 0.31577196532643181 0.66850889859677187 
0.1945268028007231 0.19606047152086503 0.47821832671095249 
0.25190346094265942 0.16042625736133714 0.38636636523779133 
0.30093637179740473 0 0.49262609537248253 
0.43886977334202815 0 0.39310183450294039 
0.44698866451674901 0.31450246851078845 0.11021570165414812 
0.47279310516913731 0.27198225058846515 0.10714808180903906 
0.51254631210542401 0.26526229124590839 0.10944085211712606 
0.53284032474256138 0.28452194163727457 0.11144598469543165 
0.49814105716612977 0.30393439012228196 0.11382091192201914 
0.47808139216607792 0.22301415145695219 0.1243850426941072 
0.50165813542464399 0.23347516527448908 0.12386912049113954 
0.43499163148318581 0.23784709419542796 0.14558316493368856 
0.36528970894280544 0.11332422891188332 0.22381339269856754 
0.42295713035127108 0.16153500610265337 0.16262476419845145 
0.5741345392100472 0.33149077073548838 0.048149811005269431 
0.56670219405454436 0.3032479554815854 0.090777930927812098 
0.59404906282868919 0.28672799833399376 0.050626432802462089 
0.50098735937629035 0.18034209343637966 0.17444496167107079 
0.59415009868435165 0.18482393088384594 0.10178928565274876 
0.53730776092394572 0.24642959941162568 0.13286083975705965 
0.54809987603484867 0.20131312451300198 0.11652076000427827 
0.56522600317240757 0.15994440981099048 0.12847833684318233 
0.56558039741890243 0.25734047626227879 0.11531003623962384 
0.54243519476552771 0.30831885994484687 0.12953275620360269 
0.51937808729049129 0.34311513648585418 0.10694736365752065 
0.63897886905010803 0.272198822186832 0 
0.60490111205359898 0.24457361656979801 0.087383354350539344 
0.67478064193303267 0.15862140474051056 0.04446742433334492 
0.63094206764626093 0.1755681931584368 0.12145041455808239 
0.58506487304797072 0.28761497833006699 0.13352142487793717 
0.69180723158973989 0.12808348517151522 0.078076744585048208 
0.67639195546538544 0.21064446103683182 0 
0.64959829615657805 0.24833631015263574 0.043459271747155151 
0.64857918445180751 0.19983500693997025 0.039855698052915292 
0.64491311523651607 0.18166975921030382 0.076859903504627888 
0.65793521791529441 0.14768892849293774 0.0856317964371823 
0.80000000000000004 0 0 
0.76455378708128696 0.1049303307511452 0.10237690618842438 
0.78446357732805416 0.15689395940316794 3.6739403974420607e-17 
0.89065515930708161 0.1262078819414704 0 
1 0 0 
0.57336922651316069 0.10291440521892942 0.19221238800271767 
0.47677932494476782 0.099506097944592198 0.25279266997014427 
0.63347249217608737 0 0.19359104049172338 
0.5389727247932341 0 0.30009293957296829 
0.7475194053898242 0 0.13463747023301922 
0.69022415064696718 0.1107523314648509 0.17245629109496338 
0.74648987374762532 0 0.26196857793963352 
0.37890035249232057 0.59478069549592782 0 
0.21234665731480795 0.51572010354356956 0.10385945287018039 
0.12032188949384293 0.63208131738558537 0.11813217764116975 
0.17957077935457907 0.62808956964631057 0.093346640330096708 
0.18946657522117985 0.56089523940140062 0.094125473826902395 
0.16456719022259314 0.58337522898736349 0.10798165197690485 
0.15363709213146054 0.54237746679999432 0.12286981191563573 
0.23804199634040715 0.55336886088673987 0.10083502547838695 
0.12870060894643773 0.57843600739798939 0.13196413290342807 
0.094545222266731024 0.55809921842112054 0.18838619002439896 
0.16370362808457445 0.4854627702774903 0.16097671554426943 
0.084645013138715919 0.47049610087558513 0.20761405200949695 
0.25524655279391473 0.48527850597663369 0.1821560082463381 
0.32462197248105851 0.49611783776765428 0.11176741715035231 
0.26980509558834015 0.51544860345656951 0.12536249752233922 
0.32715580262285449 0.4547262468852849 0.12273280277302639 
0.32713302298191443 0.40334713808102274 0.1662088596147821 
0.37863868153536101 0.44946746936827531 0.11490127929013171 
0.42442931160430786 0.40466077764227076 0.10752379152837464 
0.48228447066610558 0.35283467524585066 0.1286263164006986 
0.41088877166015569 0.45048584478465803 0.092431683397359479 
4.5780752530368231e-17 0.74765642734284843 0.13448933875468222 
0.096081418732741453 0.76743724582471362 0.099475020828588945 
0.15458780888469173 0.78492136056484174 3.6739403974420601e-17 
0.12278270659449632 0.88909887469891358 0 
0 0.87975111386041227 0.12166519658404192 
0.26960049562243138 0.58346869022930392 0.07382164210201779 
0.29877544435164227 0.60504875448442252 0.040849767670629783 
0.24281070023610482 0.6344923029671079 0.082074854461798061 
0.31432397583160399 0.54470080562437162 0.099974566435788129 
0.32089891970329926 0.56263423589307371 0.065657457432038921 
0.28072103033009593 0.55525284486776383 0.11476375784704188 
0.23637726325394676 0.59157175815553531 0.10518159432628099 
0.32849828761071542 0.64165700106218748 0 
0.27260672388035362 0.66343028062119913 0.044729930026660703 
0.30249443853303531 0.74060455123967806 3.6739403974420601e-17 
0.23962028349024447 0.88110811704864289 0 
0.16666666666666669 1 0 
0.11646649882860459 1 0.11282873023920545 
0 1 0.16666666666666663 
0.54934541067481779 0 0.43946811749231396 
0.38814021853977182 0.11922347866150251 0.33349282750383913 
0.41802152882065619 0.33168374299572323 0.17509051276141435 
0.36085298835998386 0.24267835667528748 0.26251761844573562 
0.3048748824512294 0.31549744102664284 0.34468958861171772 
0.34255428144018696 0.40261132784296272 0.26096707823926713 
0.44322655650742676 0 0.5476782400511947 
0.5687293325040701 0 0.57040519721049576 
0.31045916751909663 0 0.6816492899640787 
0.28896953673551373 0.15702077169099371 0.53208465079207157 
0.14384692669696902 0.093428860022982008 0.67604390524461122 
0.15833604906814897 0.18685772004596368 0.59546304832565355 
0.50074065862678607 0 0.69853054631521871 
0.58258810489901769 0 0.84507272959318291 
0.22891950127308164 0.089515168894093833 0.72596060357839298 
0.15955314470610693 0.11543842612017596 0.82803962527032582 
0.24129540960379306 0 0.86636984735321021 
0.16666666666666663 0 1 
0.11733731866149696 0.11291281708631318 1 
0 0.16666666666666669 1 
0.41355303355237527 0 0.84624094459211607 
0.33333333333333331 0 1 
0.13088398719021238 0.25827271204504909 0.8756288533529144 
0 0.41015151363200264 0.85078139568218503 
0 0.33333333333333348 1 
0.2001681377318647 0.32085251472267462 0.43488463429190205 
0.13131758006156069 0.30440780572133186 0.51777200983587501 
0 0.4924091855393149 0.69315977831306341 
0 0.4453812401912825 0.56293258353928566 
0.10008406886593224 0.40036960179841541 0.43395994100023205 
0.090967941454109691 0.47189263164015094 0.29843430328340614 
0 0.47988668887415648 0.43303524770856194 
0.18193588290821938 0.40315764250008262 0.29793067491808567 
0.06484761556080354 0.60602634866132521 0.2587437193327089 
0.12969523112160719 0.57837972730622311 0.32392086472227005 
0.21137098262706164 0.73385761193024179 0.11468862273324409 
0.10073337778043998 0.68535368604137403 0.17576134091470574 
0 0.69853371171121947 0.27949490947545058 
0 0.86278001368725787 0.24805157283393325 
0 0.64108504370674202 0.40827759372100914 
0 0.8160416610186042 0.4166682834692077 
0 1 0.33333333333333331 
0.43903014178359351 0.48697105083560593 0.044718747961388042 
0.40198693670610741 0.49775238397860933 0.10400046028343926 
0.36320669614242052 0.54995565831644266 0.10106708364582195 
0.36269503304856732 0.56983294531628526 0.051974727311558666 
0.36879491456118724 0.59467446375483601 0.031169229275608681 
0.38499796500977029 0.53306685618360683 0.05764191412123526 
0.47452429148644848 0.43634445966305463 0.10469245015741731 
0.55853040368410267 0.35903794312296688 0.095473322394773741 
0.55852862169617357 0.38961161197892946 0.051504131786793174 
0.52759090904208095 0.39395363407229339 0.070037407679642158 
0.5129313172773261 0.3784811931279603 0.10332239131188808 
0.58212249399670546 0.39950862874098481 0.030726519361396254 
0.62658487986202416 0.34163280659076412 0 
0.57969101644763243 0.40132345893896826 0 
0.53937800960436844 0.45265674321614163 0.050651954371598543 
0.44384665218372932 0.56095436039271396 0 
0.49082768760325096 0.49934792071596973 0 
0.55063376073263581 0.46369919839731621 0 
0.10321196469774552 0.27332440878339148 0.71884058970928855 
0.22576031399635133 0.26536810589146059 0.57163833391699403 
0.16255109125718892 0.37371544009192748 0.6111920170419165 
0.14950926154827859 0.46359472422366932 0.71013227713556337 
0.36887346960062223 0.24640730199752608 0.40909724625938854 
0.31498853248280362 0.37357817794203313 0.44928236204938937 
0.41960302440287855 0.12718382333602379 0.46870625325848952 
0.54273999186941679 0.13839739461351958 0.54072591688438021 
0.51187919800312354 0.12672325444549809 0.39741402978095708 
0.59995037195163026 0.11139410367539837 0.64397444303586815 
0.49716316587267195 0.26379717175668743 0.18742073513327021 
0.48918277985514635 0.1962738983043264 0.25659579455330417 
0.66753967376242362 0.35454862671173559 0.12502971784788325 
0.60185093207147644 0.23710211908576867 0.19145370390612843 
0.54997354806729382 0.36416236911633609 0.18843714880511578 
0.73845941089825162 0.3076941208272731 3.6739403974420601e-17 
0.73203838893267847 0.21928002759022189 0.11400114768977222 
0.76902414686747345 0.15527547611918052 0.18777328014886041 
0.86775772509340543 0 0.23630283711741218 
0.88602251898411721 0 0.12253843360639181 
1 0 0.16666666666666663 
0.8780925475819964 0.15437486561887404 0.13056112363813188 
0.87911516320058614 0.25107174630865231 0 
1 0.11733731866149696 0.11291281708631289 
1 0.16666666666666663 0 
0.60415537160336852 0.12626268555497239 0.32612180630342458 
0.65778005988305566 0 0.34925764985529606 
0.7892896022265451 0.10256095575137575 0.29698175491703221 
0.73105987171382192 0.2277019737092249 0.27714924681614661 
0.886284649825411 0.13353709643629069 0.37498474946287585 
1 0 0.33333333333333331 
0.81407872758782296 0 0.38768694763608497 
0.64146026147120128 0.075615677158346384 0.58130028886042329 
0.6912071558596431 0 0.50724939618661102 
0.83678900324850958 0 0.57968205249950155 
0.44096593493005115 0.66749359991269619 3.6739403974420595e-17 
0.22253621229561821 0.59525745617484438 0.19333524263439716 
0.21375079254646295 0.51897134759947405 0.29217392233979433 
0.35758134839051958 0.5427177995145881 0.19081849985636207 
0.44985876747758902 0.46090066283415104 0.19199049731119119 
0.13033571400596999 0.79225335127349494 0.19804901835880323 
0.19007426877207301 0.89482142270489029 0.10236293653205558 
0.14052825405390124 0.90853472836113791 0.20472587306411111 
0.082295004639598934 0.90853472836113802 0.31497817461117517 
0.34423749324336816 0.67058243963242614 0.12754396079032079 
0.40458712080856918 0.76785900713748279 0.13085900589325383 
0.3157471828956947 0.86692880596512123 0.13583472307695676 
0.38429937753348825 0.84892158503091342 0 
0.33333333333333348 1 0 
0.24475161833969311 1 0.12985598327950471 
0.13653075020559896 1 0.24347287469991158 
1 0.33333333333333331 0 
0.63494151669357612 0.14961096589101563 0.46003122460413148 
0.73850371882720522 0.1077993172870641 0.6733031939367049 
0.67822677715946134 0 0.68056530597938247 
0.5010936037676027 0.24573488287890805 0.36788218796008365 
0.46378724008783845 0.35264873553159248 0.26865975274718157 
0.42280183418281231 0.35498910880839751 0.38199413355278805 
0.34451006459802191 0.46424333473788704 0.39610607914549245 
0.41268402388001457 0.53055455538594798 0.31948104607052941 
0.45269792857308055 0.12636905086584926 0.64285486455364715 
0.32848119822037425 0.17903033778818744 0.69529644499321708 
0.37101711588637498 0.089515168894093833 0.77076869479266663 
0.40033627546372896 0.25436764667204737 0.54431067201403893 
0.20642392939549098 0.23087685224035143 0.76917228082180522 
0.49002666858674848 0.14874214755358794 0.79512411990042897 
0.59686863895162179 0.14315485499978714 0.73277162880774049 
0.75400662521842943 0 0.86437893378654962 
0.83333333333333315 0 0.99999999999999989 
0.59141812473425537 0.1042882008245124 0.86003140045877524 
0.66666666666666652 0 1 
0.49999999999999983 0 1 
0.17408447831404372 0.37650976415628157 0.79196486563455337 
0.32768633607678066 0.19831512606669388 0.87736736166994489 
0.26176797438042498 0.27271703907947853 0.88458614041090244 
0.24481200662509167 0.12996047169651859 1 
0.13738172488333078 0.24509524773638092 1 
0.42197839184847163 0.1549245579089171 1 
0 0.57686470814377033 0.55759807992045707 
0 0.70916507274150464 0.53088394926457083 
0 0.68804829862276906 0.68992384642662874 
0 0.58253164766372068 0.84779510141456171 
0.14968490316975414 0.59986003198922 0.72939563513090222 
0.14174502723259652 0.52214267607221165 0.81475745044730163 
0.15322320601796877 0.41755140169963545 1 
0 0.49999999999999994 0.99999999999999978 
0 0.75459064677402699 0.86775648765282287 
0.084625988518140349 0.6822069655432873 0.91494198774810787 
0 0.66666666666666674 1 
0 0.88379817916602066 0.88536299700490673 
0 0.83333333333333337 1 
0.16740306177809999 0.46318981465712106 0.50669192673758368 
0.12493404478251341 0.55067968429105707 0.62829968863657348 
0.086127516149505756 0.56476444868304254 0.47989495817685401 
0.17225503229901107 0.55266418922231464 0.40219183643325074 
0.27718111498494208 0.50867532381813452 0.50077392059207726 
0.16842252078910469 0.6848668229722954 0.34940742616113396 
0.27027550059272909 0.75260825584376811 0.22994154083867246 
0.16459000927919837 0.81706945672227604 0.29662301588901713 
0.12493404478251319 0.71249592203070189 0.49005394121464563 
0.078812389553455819 0.76263818313190557 0.620170118610059 
0.19063944377174896 0.77055739199382323 0.42210980289218836 
0 0.86503783119654554 0.75667111501201501 
0 0.99999999999999989 0.83333333333333315 
0.11138220890987699 0.84494430361684292 0.56593255205649717 
0.09436159400839772 0.88025409902380247 0.43026873656280207 
0 0.84769897835758312 0.59630641740561541 
0 1 0.49999999999999983 
0 1 0.66666666666666652 
0.15632405885565731 1 0.41595217425118874 
0.54309002628165937 0.48965715228088641 0.25079170674384543 
0.47286397485983578 0.58609739731491872 0.12838450199204945 
0.58504130658714137 0.47963878795810772 0.12420005206226929 
0.66377506240531425 0.44654411740784494 3.6739403974420601e-17 
0.5633100652689893 0.56805083268760337 3.6739403974420595e-17 
0.74570732358054648 0.60231304088599069 0 
0.28655587839282959 0.32019261026439821 0.68296337019090314 
0.28349005446519288 0.46175370448070252 0.78171979948004144 
0.5403215369158485 0.2390749039068365 0.6475785026401315 
0.65453888682904671 0.18822899868302767 0.59587301882369248 
0.32510218251437784 0.43165891485742341 0.55387513548706102 
0.24446246628899093 0.52025660984519184 0.66477852815523542 
0.82554339975256741 0.42543426537353013 0 
0.79512761348943295 0.3966826865202458 0.17129471536659691 
0.76883445784585369 0.47886126972229731 0.095473547882890253 
0.70257787146579187 0.49863745572495932 0.20253323202969475 
0.44276956580120486 0.35422685204223142 0.53316381867602747 
0.56043694908803177 0.27679478922703943 0.51245250186499391 
0.68462635974019481 0.20669494291495283 0.71981040938273155 
0.86837076107530697 0 0.75382948386830972 
0.88769977195301741 0 0.88675929027840283 
0.99999999999999989 0 0.83333333333333315 
0.83785973095301569 0.11266278731865925 0.70974389272825278 
1 0 0.49999999999999983 
1 0 0.66666666666666652 
0.63525558538981453 0.33169215044918399 0.33451574026053221 
0.71519159943962374 0.36418741848471492 0.25290522781356456 
0.86601919446633935 0.32062920971934694 0.13446285279934478 
0.82142076913301221 0.31450410331819428 0.24711588285030361 
0.86552993585691118 0.1825418492962777 0.26112224727626376 
1 0.13738172488333078 0.2450952477363805 
1 0.24481200662509181 0.12996047169651845 
0.7465534611815785 0.2065364593183221 0.4065062144710323 
0.77682234379968496 0.30837899691704168 0.35976891290126245 
0.80402825896447694 0.40934014027885413 0.29490721167440392 
0.86026881135616751 0.21830182833268102 0.36284478972616491 
0.88933165649021084 0.15141708595449221 0.47384479690368053 
1 0.1532232060179686 0.41755140169963556 
0.77866331298042202 0.14961096589101563 0.53013819210772506 
0.88933165649021073 0.14889970326613344 0.56057881471307081 
0.5089779792277096 0.82743460031903526 0 
0.62572265752192746 0.73719251548689524 0 
0.50975011358321221 0.73027114928507775 0.1113672785717047 
0.3368450415782091 0.61780111724759057 0.3706502690447967 
0.34054126741078883 0.64419177844000852 0.24909711491755859 
0.48085798316200723 0.59686577603400881 0.24285601299556636 
0.29435321560241662 0.87630412792188417 0.27383191335595347 
0.7640574354295484 0.75899933818443355 0 
0.41946506607080425 0.75081502452118598 0.22828086875790282 
0.46493674837376991 0.8651355746425391 0.13417405099618718 
0.49999999999999994 0.99999999999999978 0 
0.4201233831643279 1 0.15698082342066927 
0.31843093061210398 1 0.3177222858732347 
0.83333333333333337 1 0 
0.88997070323482574 0.58319771775217955 0 
1 0.49999999999999983 0 
1 0.42197839184847163 0.1549245579089171 
0.90201412948223836 0.41565926606366294 0.22491588479166075 
0.87163141787043941 0.70597964816544567 0 
1 0.66666666666666652 0 
0.86667985305580231 0.86635894420309334 0 
0.99999999999999989 0.83333333333333315 0 
0.72053762271233468 0.29922193178203155 0.4805943317159489 
0.80734870083072452 0.22532557463731884 0.6656583015881955 
0.71131280770811689 0.14677140036369285 0.80778713261615254 
0.88379752863504224 0.11301123398391866 1 
1 0.11237557430651919 0.88805260207300218 
1 0 1 
0.63632128508573005 0.51841364172762128 0.30959291617649931 
0.52485486359867362 0.43644883123021538 0.39221619873035557 
0.38695916819178411 0.55416083297914798 0.4948559144465709 
0.48885199146417913 0.60763415475309945 0.3573275239990828 
0.4105606655284702 0.26666978043686895 0.75473472333988978 
0.46248186399009028 0.24550461091243891 0.8386355440682407 
0.45514842232926156 0.38770253689048162 0.67536498599774264 
0.34702535999683154 0.36421174245878574 0.76822726140996567 
0.84217600671996973 0.19728328699650033 0.83573923454612575 
0.57641152326251011 0.29410196222419327 0.75357867323843353 
0.60091723963980193 0.22608885033525294 0.87014858292898722 
0.7560554393447203 0.13017827974728419 1 
0.68993081095672548 0.27852299752456255 0.82908339156551869 
0.58713707761815459 0.14971499203711972 1 
0.42838934276643675 0.35767433160644346 0.877367361669945 
0.36251817048361756 0.48611692599021417 0.85057993298838008 
0.30030103691527593 0.38815546519965405 0.89085989974002056 
0.31711201936535871 0.31455722591860563 1 
0.50885718061056406 0.30570348548474158 1 
0.084625988518140516 0.78139254780822687 0.79327754525411553 
0.09887787399734338 0.89069627390411321 0.83895059826976759 
0.15762477910691175 0.67757738790622835 0.64403381981450292 
0.27283335326167524 0.59196453390817139 0.72714974935005205 
0.1692519770362807 0.69774726441990809 0.82988397549621618 
0.29579861695832382 0.5749788847735432 0.89085989974002078 
0.30031305364783067 0.51016493492988468 1 
0.14818844064125103 0.59101943731841655 1 
0.13326539523651193 0.75700018649396017 1 
0.1123755743065189 0.88805260207300218 1 
0.11312975947654635 1 0.88462365128541975 
0 1 1 
0.24986808956502671 0.60895018304279946 0.56343959896008311 
0.2895240540617115 0.69015454140004684 0.45431702895209203 
0.32918001855839629 0.77135889975729421 0.34519445894410095 
0.31376669594587936 0.87096370544699919 0.40836974549667465 
0.19052613063298096 0.80701301206223142 0.66247741690287776 
0.2399197837465108 0.74731481646072329 0.55704248997226224 
0.21285636675439323 0.85624796101535117 0.49481217962324281 
0.42396617795260949 0.6935277619249115 0.47427188741939302 
0.13076293729759386 1 0.7560963030247817 
0.15505015255280172 1 0.58387285807081113 
0.30077868872627278 1 0.49957041803184032 
0.56853258288026753 0.64092183921283985 0.23336070709319884 
0.65711995323040684 0.62161744004941544 0.11668035354659922 
0.74508753436838349 0.68390605170477514 0.11242604769151321 
0.81887920490380628 0.59178808498860369 0.11348481681132161 
0.74778770657278637 0.60037845222502728 0.226969633622643 
0.90943960245190314 0.67392176216666178 0.12183154827930287 
0.3639908877954684 0.4898335353993265 0.70125736767389735 
0.57762980628598082 0.37082472016047563 0.65575634594824816 
0.66761751218689203 0.30084232020770896 0.61044574878696156 
0.49973617913005292 0.5087352933440944 0.5959952486555955 
0.42940827178554636 0.64407833122040892 0.59360574974764935 
0.87389385328639302 0.51117842203674946 0.19094709576578028 
0.75562766493412181 0.53603208190746754 0.34470714627075655 
0.61013690092119377 0.40397861256306294 0.5382947901857722 
0.64404566272052022 0.55711225895182792 0.45071628308293588 
0.72133191346506009 0.32159622203332805 0.70150922621315048 
1 0.13326539523651235 0.75700018649396028 
0.90367435041536237 0.17929548493691538 0.71132924404107767 
1 0.14818844064125103 0.59101943731841677 
0.73520285613868064 0.44883289767304757 0.46726679948061767 
0.72563913686390635 0.3863752562669629 0.56408236824206237 
0.90201412948223825 0.42777908014162863 0.37179304722521095 
1 0.31711201936535871 0.3145572259186058 
0.85070509208139322 0.29353686415177194 0.47635736801225875 
0.82258481588554788 0.38905602012485851 0.44238857898637829 
1 0.30031305364783079 0.51016493492988479 
0.90367435041536237 0.26281931414257459 0.58791161825904037 
0.67129586383296069 0.77602401842094659 0.11136727857170481 
0.7843072781601601 0.87000569451620935 0.10257617812535702 
0.57134349254835282 0.87657379192650631 0.17419999821471188 
0.60863057702706747 0.88557128619580716 0 
0.71671256987717369 0.86346917046292837 0 
0.66666666666666674 1 0 
0.66420119090069973 0.69574628111076142 0.33833691219434781 
0.57853429223637298 0.79304869865745931 0.22273455714340917 
0.50125023509449118 0.7432882302911854 0.34850322228140107 
0.41467702513736543 0.88567944987864733 0.32192731137010655 
0.43258036419048657 1 0.43102064291293912 
0.83555257477303224 0.75308443713897977 0.16178332140516211 
1 1 0 
0.53935416197635377 0.89652434932872982 0.26069736046976066 
0.58436473147112966 1 0.15479968546491307 
0.50017403171633479 1 0.29866016379611166 
0.75648018714800769 1 0.1329033761496467 
0.88791652875994342 1 0.11230530092787973 
1 0.5871370776181547 0.14971499203711972 
1 0.50885718061056417 0.30570348548474147 
0.85190198644314652 0.87654221856948988 0.20515235625071421 
1 0.7560554393447203 0.13017827974728419 
1 0.88379752863504224 0.11301123398391866 
0.91777628738651629 0.72061843546150628 0.23683330362006966 
0.84114137280661883 0.36877189997086279 0.58986994629835265 
0.90694901636939185 0.32464487546452181 0.76818052443454676 
0.76516422025200148 0.25458328641573869 0.91786961727306293 
1 0.24333521967630758 0.86914041926999008 
0.8638748088757171 0.24673544686454421 1 
1 0.16666666666666663 1 
0.6004640790768665 0.64817078809843998 0.43024896430482018 
0.53672696725303326 0.60059529508611842 0.52216101641529267 
0.55137955023917973 0.38159443410314364 0.8502223328675993 
0.53484148268506215 0.4698465017220988 0.79799762432779797 
0.42473530405195914 0.58407838678077439 0.81029996623673972 
0.81389803273878325 0.34118257147758879 0.84815698380270943 
0.67436975771192276 0.40551453659984382 0.8230773040652537 
0.68815243378403324 0.31188328583497693 1 
0.43547666202818125 0.51637863477839618 0.90514998311837003 
0.44621802000440286 0.44867888277601781 1 
0.56994678624007111 0.43095771010010325 1 
0.2083112726426809 0.84887363220995382 0.84732674490299631 
0.30414585544121109 0.76288047369530765 0.7105501131679598 
0.24038999842046105 0.89690366454619064 0.68323649814001075 
0.41797619745111214 0.72128585586921568 0.76133227534348713 
0.45972854900062893 0.64669276885032989 0.90514998311837003 
0.42599258704475018 0.57422391477173285 1 
0.36304168845128348 0.70474496046779977 0.88066613767174373 
0.30810717945145472 0.68820406506638421 1 
0.24333521967630758 0.86914041926998975 1 
0.24737056824908124 1 0.86476951430977655 
0.16666666666666669 1 1 
0.60324449580435324 0.76267730571723191 0.42506177289784569 
0.3590803644410398 0.77942136909672355 0.59121625083970319 
0.42827327107154789 0.84676388096245581 0.45264626516616591 
0.32218269213802564 0.89816563415348127 0.56097882784029729 
0.52784521545076957 0.75436764667204748 0.52266455068697404 
0.31584630206754666 1 0.68876031847321628 
0.35378272871091382 0.88661395040734325 0.65291972039148694 
0.45212142878427791 1 0.55807858776594887 
0.74987688283686604 0.72441535912487065 0.25006011679975493 
0.87389385328639335 0.64426544300453004 0.26942645972881013 
0.55367199114559451 0.59317788878800548 0.72974003273345867 
0.63182871786595096 0.47218249471736379 0.6461546081305074 
0.65177004035531061 0.59581087617603457 0.59183964998937255 
0.52257854373160828 0.73352261999619128 0.65502587712256244 
0.7498680895650266 0.59844386356406354 0.45393926724528638 
0.87493404478251358 0.5536505220873138 0.37982137636501384 
0.76335204256891187 0.55401455074022066 0.55296062049894112 
0.76392125660184895 0.43562969609063323 0.6963139676054193 
1 0.3081071794514551 0.68820406506638421 
0.87493404478251324 0.51221822530440675 0.51408159100850981 
1 0.44621802000440275 0.44867888277601775 
1 0.42599258704475018 0.57422391477173285 
0.88196062830092437 0.46517574501996595 0.70281055926265268 
0.70540929711424405 0.71832337056154572 0.51150052800890733 
0.67775023672293566 0.88801200921047352 0.21422594543323659 
0.70866324838680728 0.79792044708350929 0.37763949044207196 
0.62400870518158058 0.84722239820611955 0.31916842545591628 
0.60602491253183999 0.87718382333602385 0.4198745814908712 
0.55595425177148627 1 0.4493338527183528 
0.7994737316756253 0.80018922611251386 0.32356664281032421 
1 1 0.16666666666666663 
0.80251364615803067 0.88831841581287352 0.31104721247025519 
0.68420460961291052 1 0.31708461229476809 
0.8682513981132608 1 0.24852139109626634 
1 0.56994678624007111 0.43095771010010325 
1 0.68815243378403324 0.31188328583497693 
0.89716947016148696 0.79691270549512927 0.32610150467296783 
1 0.8638748088757171 0.24673544686454421 
0.90694901636939151 0.4179521827134437 0.77873206736129774 
0.87663417718531988 0.41587476273768964 0.88936603368064904 
1 0.40781429281695181 0.85246609372345405 
0.84631933800124803 0.41379734276193575 1 
1 0.33333333333333331 1 
0.61399392042292611 0.7259229952788685 0.58326320256573483 
0.80762399473875524 0.51158584069623725 0.84815698380270965 
0.6409887804365294 0.54156751041588025 0.84328106043828766 
0.7020237523173346 0.49909947753921602 1 
0.54961359078251659 0.55656992385403703 1 
0.56509317344637222 0.70557155211405398 0.75925534696694208 
0.33267338285009662 0.86064292793460762 0.81305089482663173 
0.51124858274100382 0.83368251343132826 0.74747980035069217 
0.5030726482654394 0.7901812035266329 0.88066613767174351 
0.60760780316113605 0.67762048423191668 0.86348481681132161 
0.4947217939492986 0.70930715091988561 1 
0.40781429281695192 0.85246609372345405 1 
0.42018805862541136 1 0.85283128731247448 
0.33333333333333348 1 1 
0.6609505046634615 0.83820287755902778 0.56906178877252822 
0.51942451721656824 0.87718382333602363 0.61429346302964094 
0.51100381898236702 1 0.70592237537230784 
0.57483094801453039 1 0.57569008652858955 
0.83870526844643423 0.67643622693467287 0.4518257454402147 
0.78282810165036543 0.65804853736238877 0.5766351533736237 
0.7204938123729735 0.64593381754394763 0.726969633622643 
0.61574881567767015 0.82296690877197376 0.71644600449747542 
0.91935263422321722 0.61302490885859462 0.50419783464712598 
0.8602469061864868 0.59777370416323194 0.64176977873834007 
0.87110376724370553 0.584093119949471 0.7504108601232109 
1 0.4947217939492986 0.70930715091988561 
1 0.54961359078251659 0.55656992385403703 
0.78400396267587458 0.81038106703043833 0.51171700773960471 
0.75045748660742539 0.77064513966675974 0.62744994975735935 
0.75312530587291482 0.90009461305625715 0.41694206868979616 
0.70677688007020412 1 0.51031749456926778 
0.87656265293645752 0.87320697552875237 0.41536970572586607 
1 1 0.33333333333333331 
0.85115975677846456 1 0.42016365199800493 
1 0.7020237523173346 0.49909947753921596 
0.91788613170473665 0.82156347580577682 0.50883055919848064 
1 0.84631933800124781 0.41379734276193569 
1 0.58816909907976778 0.85907655118405057 
0.85132673287566119 0.58754198530184076 1 
0.85578681953107405 0.64527624009040863 0.8990055804918845 
1 0.49999999999999983 1 
0.70420590315940523 0.74597180805119101 0.79259631793569052 
0.77568322068370354 0.69821713320140388 0.89900558049188439 
0.69111953518092029 0.69342377152383194 1 
0.68791799394583697 0.84600979855843439 0.85822300224873793 
0.54880615449865067 0.89509060176331623 0.86706412013269041 
0.58816909907976711 0.85907655118405046 1 
0.5945396607318616 1 0.8534621025936372 
0.49999999999999994 0.99999999999999978 0.99999999999999978 
0.72480273413187912 0.88532256983337998 0.66193032096955229 
0.69914798165633296 1 0.69641069218174556 
0.90123824605517744 0.74517073348147633 0.60862694301962406 
0.86024690618648669 0.70301049487897604 0.79801116098376901 
0.79550567610060674 0.82296690877197376 0.74339937150581137 
1 0.6911195351809204 0.69342377152383206 
0.86046505522868533 0.88920645608240823 0.59149682525802272 
0.85508489465568349 1 0.59372096178554457 
1 1 0.49999999999999983 
1 0.85132673287566119 0.58754198530184099 
0.86979324648630851 0.75694246937768117 1 
1 0.76008717221400446 0.86905268834489502 
1 0.66666666666666652 1 
0.84270064832546998 0.85641416012681892 0.87169968575290557 
0.76033178937164669 1 0.86904458301803267 
0.7600871722140039 0.86905268834489524 1 
0.66666666666666674 1 1 
0.87051753982824043 1 0.75982910938898007 
1 0.8697932464863084 0.75694246937768106 
1 1 0.66666666666666652 
1 0.88989562055033344 0.88986141148166442 
0.89005758763878795 1 0.89001152498212555 
0.88989562055033333 0.88986141148166442 1 
0.99999999999999989 0.83333333333333315 0.99999999999999989 
0.83333333333333337 1 1 
0.99999999999999989 0.99999999999999989 0.83333333333333315 
1 1 1 