0.55000000000000004 0 0 
0.5712009984536548 0.03740724937232464 0 
0.59999999999999998 0 0 
0.60810944698224068 0.035920813536593425 0 
0.54745827627136534 0.064342199742738332 0 
0.53485967540836887 0.13880342904649301 0 
0.53614319783348818 0.032910455710676273 0 
0.53354043575146692 0.099823100603097362 0 
0.5488346196750048 0.081821961828427603 0.02917298715448682 
0.51387165529574241 0.12508392835660359 0.023934531058371941 
0.51108476450347096 0.16586680654014779 0 
0.48588955951526658 0.26583030885585873 0 
0.5 0 0 
0.50744277399459303 0.081541001826587398 0.040545087113969737 
0.49173840046721057 0.14842543828316623 0.033645603879043869 
0.50082282441730575 0.11594287896834872 0.044207074615356848 
0.57057372554458496 0 0.051783126815487447 
0.52288609720762358 0 0.041255517075792593 
0.55842688672887686 0.12552535029050518 0 
0.57834785349173534 0.082653145949128981 0 
0.58611912529039178 0.049870818295175839 0.029172987154486806 
0.6094836563787418 0 0.032864335493519678 
0.64248958583824678 0 0.030236598506614136 
0.65000000000000002 0 0 
0.64304342263008196 0.047733111458541304 0 
0.6196556783698699 0.090383593826358605 0 
0.4957221867980191 0.065263075884829755 0 
0.47425316999114375 0.048951093068477405 0.028395532105121388 
0.48296230456759492 0.12940937433498689 0 
0.46103967891303554 0.037249436047135341 0 
0.4773609764160211 0 0.061319594856652261 
0.48853331312912956 0.22861865686705315 0 
0.51155490965943839 0.20203186125926578 0 
0.53277016363067231 0.19280803378443068 0 
0.55225466090607411 0.16350440790350138 0 
0.53406812479085242 0.16005441086490088 0.029134424266727001 
0.5334489673525401 0.22772112687226956 0 
0.51084890309935793 0.25672315000790957 0 
0.56412880359854289 0.063820823053757983 0.058345974308973717 
0.53256332782354676 0.10459132396705163 0.052726954458214924 
0.52492016755053217 0.14301467100870607 0.059727674748708194 
0.49894998069359758 0.26652272389122111 0.030422835103466241 
0.47996043788605108 0.29148778045031715 0.026534293875408749 
0.509019672116508 0.29265336439837147 0 
0.45389904483461835 0.3249942408245296 0.034901306331234679 
0.56639298984559827 0.13411430776526631 0.064056317918731731 
0.58866978001118531 0.10901261996693733 0.032454410901229892 
0.56642986365614123 0.16478019871501137 0.030261932260805639 
0.64298372571440843 0 0.10869618509570712 
0.46470978174299865 0.10343552626117573 0.03155859981190879 
0.46882061391534563 0.24786016533091224 0.029375097942704178 
0.49305792915616742 0.19578318639602538 0.044671884500513945 
0.48125583931606314 0.33258334484217017 0 
0.46028820847712709 0.29438830445951331 0 
0.41102573680475152 0.35208329525418203 0 
0.44101622555365738 0.33473550195567392 0 
0.41592494367061716 0.31001290505654089 0.030977563430045752 
0.44436483405761151 0.16792491988104466 0.041129329434407502 
0.46193903388047469 0.19134141282281747 0 
0.43301216675860654 0.24999967447585184 0 
0.42320834336955365 0.22248868195858421 0.023786288861812943 
0.436330499594211 0.05256647314760228 0.042308450602862376 
0.41465855152297948 0 0 
0.48134511223771931 0.063258903050077628 0.081090174227939474 
0.47732098517656624 0.13482270568007212 0.095738124233488084 
0.53538171054072947 0 0.12270650368453437 
0.60725392093663788 0.13929677446050318 0 
0.66532035902142184 0.086259413037105812 0.082957163262456016 
0.70000000000000007 0 0 
0.68879088281350154 0.12476680781884131 2.4492935982947065e-17 
0.82460031614747931 0 0 
0.41748896143803299 0.099750452738452428 0 
0.38484522897293816 0 0.1189097663162557 
0.43018606424877337 0 0.1832064497562548 
0.54053939802064987 0 0.24406009931396663 
0.54664348555582187 0.21097010226260418 0.036090105454338758 
0.51511865489091457 0.24255269258888457 0.033705922154883737 
0.5772215976008529 0.21049874056940673 0 
0.53965725435624778 0.1899843660504146 0.069604491512680652 
0.56337363984297972 0.27786442860577959 0 
0.44438070340380748 0.27613851782282517 0.04949679860856606 
0.47532914714623131 0.23535380010375515 0.072467158208807211 
0.51031922351623882 0.23055251921555009 0.068467367899537848 
0.56311310239892665 0.091778884311530293 0.12981764360492032 
0.52792428829474847 0.19020596994410968 0.12906262590798601 
0.39569178793865989 0.38522172620097223 0 
0.43565728808264381 0.36944838530638574 0.026181442389838366 
0.45125139765408961 0.36569099799299948 0 
0.421372642498197 0.38470202537185594 0 
0.36401334898739285 0.40336466975725871 0 
0.3420756323496657 0.43423324978197214 0 
0.38834055498001979 0.39592063763182073 0.032006893683447162 
0.38180106459706098 0.35092801702375281 0.039357721766469851 
0.41460934308333819 0.35112334439765625 0.044725317788155985 
0.48352774983643526 0.33142047587610757 0.033515816822664996 
0.48137439860086811 0.28712913734460044 0.059068657640459404 
0.51311242756856501 0.2852453458265235 0.052966106335101924 
0.53050677735729934 0.32095910125894606 0 
0.45668241380763008 0.36195132620428949 0.05379904049183442 
0.4302415118272912 0.32893704171808741 0.069268896042528894 
0.46329593841400279 0.32184657080679019 0.07420804366252845 
0.64006750678910462 0.17997552314680657 0.089891777726077648 
0.67640544519661294 0.09257892967644317 0.17188643529729483 
0.79584619440378013 0 0.20353192183708374 
1 0 0.47333062134036125 
0.40642837710946789 0.11024612059009695 0.0977937698663289 
0.42417504844824572 0.22528072368831328 0.070281913778780555 
0.45571444371609121 0.19102653485335197 0.093556648152600771 
0.40997878552827621 0.42023301791283901 0 
0.37665271285823404 0.4437406865876703 0 
0.50509175402070572 0.38035088244789789 0 
0.39223282980938812 0.28465339162709674 0.079576313586864428 
0.3394257569149744 0.41235060475109142 0.031895447133439517 
0.36958093499436734 0.23119005552231447 0.063392633189415251 
0.35355339059327362 0.35355339059327384 0 
0.31062313924311435 0.35970640477429938 0.037430750143323525 
0.35559899006987944 0.31557589954465221 0.035780801046638361 
0.39667648338875894 0.30438055635024869 0 
0.39517454008360042 0.26492662149870327 0.033406695477581731 
0.35766357383307323 0.2063268433846745 0 
0.34246671528515604 0.089641789485120069 0 
0.31246472269350284 0 0.089837355624752965 
0.2739040775203222 0 0 
0.49191506632892429 0.12655673238920681 0.22484423059122827 
0.36926196912654818 0 0.39714779962055469 
1 0 1 
0.49999999999999994 0 1.0000000000000002 
1.0000000000000002 0.49999999999999994 1.0000000000000002 
0.65552283816562562 0.24553776017846546 2.4492935982947059e-17 
0.79749388178009673 0.15094586580224756 0 
1 0 0 
0.30438055635024835 0.3966764833887591 0 
0.31438523419394648 0.15459419973942159 0.087071354764734946 
0.29756509038759071 0 0.23178000885873978 
0 0 1 
0 0.5 1 
0.7810941122819467 0.15992288252315548 0.38522507391849126 
0.37379501775339308 0 0.67898519287368375 
0.56218822456389272 0 0.45095096927654177 
0.72717231465240095 0 0.59251387775944853 
0.58254997294647537 0.28793793701662962 0.10371643256901823 
0.60126162917653803 0.35844521700962623 2.4492935982947072e-17 
0.46508244445916719 0.25999123115069384 0.12169134041386498 
0.55867413634149943 0.24197300326650251 0.24822896969712982 
0.41569897382869464 0.38712977123702363 0.056872619711902037 
0.4115645215083979 0.41332185891737611 0.020517228342409856 
0.46038176283272758 0.4077389082146276 0 
0.39139249002476606 0.42556905423898678 0.032749776410583076 
0.46992350893070622 0.40130945979085331 0.055835545750131887 
0.29890629936752511 0.41832423381103179 0.034904438977749461 
0.30916346016170243 0.44491501423562069 0 
0.2869585966414418 0.4756935323840637 0 
0.34625099850188007 0.45953063168021147 0 
0.35862629896829057 0.45395429613761235 0.033346087503304228 
0.34795843685759581 0.34988167341099691 0.092721552095215445 
0.35538242219234373 0.38875891420244746 0.059384520167497186 
0.37251738834749376 0.42207623285364282 0.062152443312472355 
0.39189787189841807 0.3749903280513277 0.08153177307748917 
0.33395149993225104 0.43399835517336394 0.066799886111189158 
0.52459842768256149 0.3742711763308546 0.10770498891805369 
0.42047328961512376 0.36527362495651294 0.1284733609338202 
0.75272447121220154 0.30898385853378268 0.20247236270065239 
1 0.31984576504631052 0.31949917856044069 
1 0.36843133868066585 0.63465818592416645 
0.36575397837358709 0.22646346734564604 0.19442388117716597 
0.27905622080138331 0.46514356344809382 0.050261935886287405 
0.29343204238480169 0.4399719842333043 0.069808877955499088 
0.32797750802967934 0.49066039709494769 0 
0.42652007919048374 0.46409060847869099 0 
0.37558954456060045 0.48309745755552569 0 
0.52774510685263143 0.45987345840630334 2.4492935982947072e-17 
0.26817031094866772 0.48957134298097055 0.031297357166170013 
0.28994880889843111 0.50929308262981021 0 
0.31360640802520151 0.37273935645414963 0.15991802317212836 
0.27081424235582202 0.31055387469302831 0.097461250278667616 
0.26228520121563637 0.39657238320164384 0.03556592390902219 
0.29301541719145008 0.38301288969072445 0.074831739105257131 
0 0 0.46446414685120962 
0.16918374963620067 0 0.13832708001971369 
0.28517122822823293 0.28524592231651202 0 
0.18356668807003115 0.16073598143860016 0 
0 0 0 
0.32740585033200292 0.25403422732659015 0.44043426419649423 
0.65397750791095999 0.37032809479484097 1 
0.32746875889502092 0.32742611999266147 1 
1 0.6988196808104431 0.69878326328117113 
0.70037059544738189 0.70027227406932413 1 
1 1 1 
0.37409696374330897 0.65270743620149096 1 
0.5 1 1 
0.74578702153402954 0.40399758666412366 0 
0.60327790712686724 0.49161510938991776 0 
1 0.47333461706034524 0 
0.24918877296245892 0.43069758841280281 0.097498780555379416 
0.2400294150110823 0.48158144344017517 0.067559760524310994 
0.26133906505906151 0.50012958653503459 0.061174109993469075 
0.24894713956213599 0.45778608702747414 0.048749390277689736 
0.2499996744758515 0.43301216675860671 0 
0.20655478256727089 0.42773842974280407 0.04324668072247239 
0.24870550616181289 0.48487458564214569 0 
0.21703287971736121 0.38260192618569139 0 
0.22936417163569595 0.50454951511585833 0.035176285463314257 
0.21361686731843635 0.51152075091533133 0 
0 1 1 
0.17977237320671766 0.22808142636595347 0.23748244838022137 
0 0.28894137157873923 0.54263292948763542 
0 0.66056685185610076 0.69024371343040714 
0.55310947889120743 0.42223554654553874 0.54962516859514643 
0.62289672803818341 0.49182941959772469 0.16650664856522704 
0.468748166826708 0.37586955656371668 0.23355153471965368 
0.45224144987145554 0.47414299829623641 0.099250337190291998 
0.31687908676085169 0.47880714658639389 0.035883984925091879 
0.30211871021765752 0.48935445591306237 0.066049337727229249 
0.36772634638735691 0.49594949571250035 0.03016633434376035 
0.34917424751087506 0.46664982507006247 0.069499907609768471 
0.33896312943112394 0.43581643431400852 0.12758178853375865 
0.39999147320726125 0.45373356506694723 0.16851202832829618 
1 0.63864991396229909 0.36498684614933324 
1.0000000000000002 1.0000000000000002 0.49999999999999994 
0.14105682865068728 0.44292276585031598 0.089287754980466608 
0.29644177729140475 0.39806440479918392 0.27038190444591442 
0.26648939185945619 0.45940413671862596 0.17413235348977493 
0.2597198271266275 0.50320176045682086 0.12957203361148087 
0.34193370075880614 0.53128667811859231 0 
0.43732758095247798 0.54657433870468353 2.4492935982947065e-17 
0.53653554108393708 0.55672404154599853 0 
0.27408135673249046 0.53245849987862237 0.052788018653297464 
0.24660992017577166 0.52826572247832393 0 
0.28889062483152284 0.54486291471495274 0 
0.15400204563417311 0.39977351903645664 0.17630477192228519 
0.12579190701946621 0.49997874170043449 0.17551369621331916 
0.1562006745187072 0.37471929066571241 0.082212692790775047 
0 0.24222622104528208 0.23352718570125788 
0 0.38531364762115494 0.1987006276029154 
0.13574802684773044 0.32153391980612323 0 
0 0.27390450679776374 0 
0.25405618192555229 0.49881475889588245 0.43520147780851232 
0.37739368734811418 0.70808637374664496 0.64864453282671308 
0.68145156765525483 0.75534037686648225 0.50351921036411773 
0.63238344246947409 1 0.63885810316495495 
0.31482121713781769 1 0.69971790563714864 
0.68973271160325211 0.65965590226722637 0 
1 1 0 
0.17859260422668805 0.46494050716923946 0.098002975841498613 
0.20116788833800903 0.48118597927376611 0.050305069889263157 
0.22144980562408581 0.51831465920862518 0.072720659265659654 
0.1931791312004843 0.51435214569581811 0.059208886819125443 
0.073207642464694703 0.44409438960809727 0.10334173195192117 
0.10328813530677441 0.44813161848990146 0.066658278218200875 
0.11936041389119526 0.46818694706777458 0.076744653696587853 
0.14901766832215879 0.45118293195779474 0.038787711319814629 
0.19134141282281719 0.46193903388047469 0 
0.18626729359685271 0.52457582042045203 0.026167338974723356 
0.1769755110897247 0.51317320043981662 0 
0.082388154467671962 0.42847149596912837 0.029950234698140961 
0.089106539728832493 0.46719554901243243 0.034374603327607868 
0.1165923722929663 0.43642038269995681 0 
0.21224993296036027 0.54179695132502048 0.0313651375200098 
0.20730790824460649 0.54422462500347391 0 
0 0.99999999999999989 0.47304818353068184 
0 0.4145891375955999 0.30634415156238265 
0 0.64376786026908395 0.43987858856001028 
0.44214741019713033 0.60709870782352238 0.24090135756279779 
0.35616972486522908 0.54267225869375912 0.10426655449940862 
0.29711921007127923 0.54371318112695965 0.20818100786480848 
0.68092120537806378 1 0.33407175736018774 
0.12675270309797901 0.50077635248660246 0.11326828165580141 
0.22320760427628322 0.53379095453294745 0.24529828677389559 
0.17672001582904492 0.5441303987277305 0.1298675753637164 
0.081221707931365641 0.57660321195231112 0.24141279811958744 
0.11973051670687571 0.55760836321169904 0.16263519815200753 
0.25771128842371693 0.59170386707162281 0.10702353398816977 
0.33296928220777061 0.61573616676474552 2.4492935982947072e-17 
0.41876611319256007 0.69525921632186372 0 
0.24911801016117963 0.58408536768925789 0 
0.060704681985397593 0.48664426075525591 0.1545396758539134 
0 0.47395489218358622 0.17503556716220253 
0 0.39534552971186399 0.095511698617309432 
0 0.41465879701171732 0 
0.21154388306404137 0.70966907493627818 0.33437450777132532 
0.36834407397824948 1 0.36844094476784689 
0.47305457467706591 1 0 
0 1 0 
0.15338863711388206 0.50458587152005807 0.051860749500836578 
0.11797022213337546 0.52729380225342581 0.074977168151420845 
0.10704807795839068 0.550451228481044 0.085954946879662528 
0.17204188233297465 0.55057705937515822 0.061396580502855118 
0.16123801230948689 0.54917646223745209 0.025556816276642757 
0.17030499196250581 0.54629273202616391 0 
0.070672387959167096 0.48912513763943194 0.093643559206585222 
0.094744250183454143 0.5459070678811212 0.060835017958762443 
2.9229909194254994e-17 0.47736064332354433 0.061318509854790225 
0.05284193585109543 0.47224049887502978 0.048336276294939091 
0.078587689933538638 0.53862565542437824 0.090425211307813169 
0.11514078154203417 0.51696112888519707 0.045752543111473615 
0.12940937433498673 0.48296230456759515 0 
0.14408421483972006 0.53364634019519974 0 
0.078838429593230661 0.51678574599933724 0.038833547457356177 
0.042297156473981731 0.47719335329415752 0.021263073123128556 
0.065263075884829658 0.4957221867980191 0 
0.18887428133465867 0.58523928242152479 0 
0 0.81522655956928258 0.26902595761623188 
0 0.58059747682134433 0.23561426238659813 
0.29801023850124442 0.70249043467179939 0.15259817858570671 
0.16950943159764928 0.60337751035588894 0.11802414114137115 
0.084285113791968652 0.57052775207317252 0.12989092669116967 
0.11384102601537385 0.66405693046355707 0.17250150557631796 
0.12475998622745797 0.57258412935499137 0.073057808431919655 
0.056307677788036595 0.57479676409453728 0.15863395587532034 
0.22330572227970424 0.66342630142151893 2.4492935982947072e-17 
3.278281785662667e-17 0.53538404508877735 0.12270732358720166 
0 0.5 0 
0 0.52068114080640715 0.040994824581346796 
0.14218774139643389 0.7869253804291878 0.10961110871768923 
0 0.78375851952709741 0.11339257537874602 
0.11410334418501655 0.80375280646536407 0 
0 0.82455833983562332 0 
0.066623968186797652 0.58677101446390101 0.084484243117969607 
0.11972628559433682 0.55012015745104959 0.04053496244294786 
0.12589916135104959 0.58290893423005197 0.044343730105681725 
0.08201469420547465 0.56176815712352757 0.034414959562069393 
0.13879919598216547 0.57184722343691263 0 
0.042163323129874357 0.53946952887270272 0.050703953766696293 
0.093389077017556235 0.5401023317654936 0 
0.039569855007986203 0.53511579813979582 0 
0.13636018034367134 0.61891485981819416 0 
0.089461178879197759 0.59997313962302889 0.03761107206986463 
3.9374452237724579e-17 0.64303360389523923 0.10866231355953682 
0.10683072814257977 0.65654331943914712 0.089579768802320839 
0.11563300305165609 0.69038318210586402 2.4492935982947072e-17 
0 0.56729347763581883 0.049270904036947741 
0 0.55000000000000004 0 
0 0.70000000000000007 0 
0 0.64208942463723606 0.02903018137424912 
0.044413215407658579 0.61092530341488493 0.036166916857192283 
0.062135258340181833 0.58251566882497841 0.020411519910922129 
0.091635642418430793 0.58712703611019001 0 
0.042297054538576122 0.57316434795978366 0 
0.088885735294253546 0.6219429232285123 0 
0 0.608088494371119 0.030968774249902107 
0.045528302430850258 0.64457592505670624 0 
0 0.59999999999999987 0 
0 0.65000000000000002 0 
0.039937002747297612 0.6069671010190395 0