4.315123399383363        3.317495679301742        0.04934285633443172      
4.324166739623623        3.274936027966909        0                        
4.26542880017746         3.357414004156185        0                        
4.359154624640405        3.35376798072746         0                        
4.419055720726391        3.274438287225694        0                        
4.799917568901658        2.567312729000236        0.04608770778797401      
4.760904035836475        2.603274622722797        0                        
4.84474802523275         2.60353707138576         0                        
4.806290109873609        2.516981387512602        0                        
4.891009066228925        2.515552645365158        0                        
5.094872357954605        1.698769387349606        0.04886001279895304      
5.093470063762629        1.652695386483966        0                        
5.059872265463605        1.741637161349083        0                        
5.14853105995519         1.717494584414228        0                        
5.115490098535518        1.810054666880609        0                        
5.126913196000982        1.776016941244309        0.04979151271255702      
5.027603579873999        1.834195725251533        0                        
5.202430755661478        1.784567974860779        0                        
5.186767738262908        1.829601166734181        0.06531242793860415      
5.169328924040329        1.878299598514714        0                        
5.186097710268795        1.636235480684884        0                        
5.213545720138532        1.751839325972906        0.08596712787197425      
5.233834115549552        1.690253734527714        0                        
5.008626626177306        2.089890553915136        0                        
4.97422001355817         2.072120812971831        0.06929933458635021      
4.917379253187741        2.115916216572484        0                        
4.95328856414856         2.020524074521732        0                        
4.968827025692597        2.18140909501825         0                        
5.044149469284925        1.996375881278216        0                        
4.86251966083568         2.043999259340793        0                        
4.821075161058487        2.096084275194613        0.05244919634941338      
4.825920569696849        2.141156259280337        0                        
4.731025984618888        2.158097602988563        0                        
4.771866236022579        2.066226663632937        0                        
4.883621897183205        1.786116361723743        0                        
4.868481624979568        1.826988414642059        0.07072559779070065      
4.938282265519495        1.857982611230405        0                        
4.848177450823417        1.880200854583707        0                        
5.005283641655289        1.672835253192591        0                        
4.972228432755974        1.763660443212939        0                        
4.896381873387793        1.750841097861095        0.08501033941207214      
4.917241694149439        1.691364528884384        0                        
4.991955862344463        1.927676363328301        0                        
4.971910389174652        1.973948054105564        0.08253860976335517      
4.900586938447525        1.951159129006274        0                        
4.925567759525907        1.892260083580412        0.0896000583582435       
4.989383682292732        1.825603429823082        0.06533192749616337      
4.953952344604188        1.815590510375266        0.1256311943962108       
5.105295332046766        1.83453929807439         0.0995830254251157       
5.081868154481215        1.904014631393727        0                        
5.008111748852784        1.879150804778835        0.10874221704191         
5.065059712994096        1.94129047516304         0.08682057909149335      
5.134539320185429        1.971417956445568        0                        
5.158209036813544        1.908632896220512        0.09110254841963539      
5.080448693506384        2.10690319489275         0.0662145880415993       
5.059939637737519        2.155692280804479        0                        
5.098072643596103        2.063892399609389        0                        
5.117066470075684        2.016340928718946        0.09651340963436339      
4.926902196782422        2.27040796147484         0                        
4.887858975261914        2.266043105933985        0.06995973582623718      
4.835461167573922        2.292685249048683        0                        
4.875319138913252        2.206512964119826        0                        
4.891576839606691        2.36097079234546         0                        
4.745878042504829        2.334373624425784        0                        
4.774381069079912        2.23143299560941         0                        
4.8193054773116          2.323565102758853        0.0767265796288891       
4.823046939792484        2.373141895756699        0                        
4.721582219504952        2.513760571593315        0                        
4.685437327926856        2.4198324907504          0                        
4.74429355748807         2.387138723609713        0.07672657962889132      
4.64405553618427         2.339385104915556        0                        
4.766566318493899        2.430124816712111        0                        
4.688416783186231        2.249161602772824        0                        
4.670561275669214        2.286013423018152        0.07717514540828141      
4.709371217016959        2.204954135652761        0.09759778995371615      
3.678315715731824        3.992495179508995        0                        
3.668116920480951        4.022255176044315        0.04826642665596072      
3.591073511111216        4.050073012742428        0                        
3.61158742437488         3.9480619502928          0                        
3.685287119640263        4.082724100645159        0                        
3.758471337640383        4.01545287962477         0                        
3.487001641856401        4.045356639605526        0                        
3.515412988980374        3.954159490984106        0                        
3.576708935800072        4.070175649491143        0.07611597740341261      
3.538281912199481        4.114765930661096        0                        
3.610899431516386        4.148662057163219        0                        
3.700573544288159        3.943783782252393        0.04826642665595961      
3.674487213773           3.897739441025182        0                        
3.750200367254679        3.925781313061314        0                        
3.894455314545961        3.780451971142674        0                        
3.885141299713191        3.68311289020241         0                        
3.963876910985764        3.70699105833587         0                        
3.867416709975894        3.749941834745258        0.05068302876231447      
3.809847725144869        3.755417530377524        0                        
3.797891012827407        3.657588338866234        0                        
3.818739750630039        3.851405396134134        0                        
3.581680913664634        3.86959234018083         0                        
3.558417004347567        3.917001151661164        0.07166485285465377      
3.493995017341462        3.851230798984006        0                        
3.458458756746062        3.96281376301097         0.04825643780737522      
3.41888446995797         3.918063439027541        0                        
3.434650576961533        3.995339228007662        0                        
3.457588187997652        4.092511300803064        0.05231241216990536      
3.40677433133866         4.060035548530583        0                        
3.471053092307313        4.136639992842481        0                        
4.232006082240756        3.316666645499633        0.06485318834126844      
4.230446820847687        3.273597448123771        0                        
4.169659298527902        3.35921728588298         0                        
4.136539505883969        3.273505013796347        0                        
4.373221878419644        3.240497871101593        0.04761042866277711      
4.386417542594639        3.195116191636984        0                        
4.293455859111271        3.19401306146037         0                        
4.430598015151117        3.162964810892374        0.04587800099112528      
4.444779235537078        3.112987706068838        0                        
4.352964495784343        3.111720109818048        0                        
4.477512132202762        3.194038089705778        0                        
4.6771183817183          2.602419624288419        0                        
4.693357432006132        2.648247013693477        0.06575978959846632      
4.713168912734624        2.690233650363857        0                        
4.796904166691972        2.690670915460933        0                        
4.626105914938201        2.689174232275051        0                        
4.342670063070744        2.992852563135433        0.06519123841184529      
4.3198349142211          3.028793070697038        0                        
4.409711902699075        3.029332057797545        0                        
4.375745790211035        2.94501860744373         0                        
4.285930486205146        2.944618772552273        0                        
4.466879914914944        2.945759569333709        0                        
4.442548503556728        2.981261031455416        0.07537176299069695      
4.501844629614203        3.03093902597549         0                        
4.55650862103425         2.946673948502425        0                        
4.432141029865955        2.861321232403482        0                        
4.660904852975446        2.7403439131085          0.07031564704453766      
4.662739818513235        2.77659427774763         0                        
4.747492078918534        2.776925129188764        0                        
4.575573900009893        2.775004230835122        0                        
4.521221486664711        2.861054816349204        0                        
4.494853811658926        2.90157460435226         0.07402612113017074      
4.583063021938948        2.902442885682426        0.06985787241174438      
4.610968601684138        2.862125098604829        0                        
4.644031086286989        2.94668369820109         0                        
4.696528506529779        2.862271809534871        0                        
4.718825346626339        2.825364993772808        0.09742274071417867      
4.671272232218971        2.903311167012589        0.06568962369331799      
4.634527253696673        2.81729771843536         0.1089301832881362       
4.639145514093508        2.510617580146238        0                        
4.655941178019679        2.557898240245844        0.0781446217527865       
4.589353900159969        2.601185865353848        0                        
4.550144523311102        2.517176383995785        0                        
4.597959148072672        2.428734551346597        0                        
4.624858477510467        2.377116754179223        0.1178313112060619       
4.574387640084796        2.472848098496843        0.08277669568061585      
4.593568087667174        2.66623506760599         0.07608537144147501      
4.540017743070546        2.689649988922621        0                        
4.500628566359221        2.604677044792953        0                        
4.525773492976522        2.560737059963614        0.1108636715704575       
4.541590411529123        2.753433757102317        0.07608537144147889      
4.485398547883874        2.775583244346502        0                        
4.449428857605307        2.691203257331791        0                        
4.458332622539357        2.818959773694072        0.07499785076105051      
4.396565491229758        2.776723200028692        0                        
4.470388651333588        2.65624270465405         0.1091274819222138       
4.421811433419787        2.736344943035883        0.07596958039193191      
4.142408841367504        3.448328319769519        0.05522080818467836      
4.201511091563022        3.434957890858472        0                        
4.095580057378098        3.433596692169671        0                        
4.136060954966954        3.510144493507885        0                        
4.235100717616269        3.509115282970069        0                        
4.217538217598424        3.397346866866979        0.06485318834126733      
4.297829371203832        3.432001965843678        0                        
4.621799702970265        2.981437154397854        0.09917292375648368      
4.590017457566998        3.030133542745957        0                        
4.534505259746643        3.112594090728007        0                        
4.562559887071747        3.0713266314223          0.09150040484107891      
4.170989421077316        3.585082972502357        0                        
4.20176167877913         3.548971512247343        0.06705489446619417      
4.091229227010193        3.327323411317459        0.07958163498505147      
4.070294641678181        3.349350828634603        0                        
4.045611174835306        3.26695731075532         0                        
4.431498163867794        3.064875099822981        0.07537176299069639      
4.51321322830281         3.143390900901848        0.07265781902035695      
4.284899453992838        3.076229707716824        0.0651912384118464       
4.260204572055221        3.111772896606516        0                        
4.228200197851778        3.026931650706749        0                        
4.271092174126317        3.281223377876021        0.09868571266885899      
4.327388036112894        3.206557454977494        0.09522085732555532      
4.453346971486441        3.227646317605531        0.1185620765021439       
4.388315029363494        3.315522764672636        0.08145394239810311      
4.329005155791528        3.392596993621609        0.1078739559881986       
4.260592404460796        3.478124834311007        0.1005708486537094       
4.150571960174882        3.378794533660942        0.1104416163693534       
4.233565343633821        3.35973584287549         0.129706376682533        
4.173329544114392        3.255368197569677        0.08915440371352171      
4.19850168737065         3.193123927242933        0                        
4.108018063985216        3.188131069629237        0                        
4.075566914102468        3.22951301726333         0.07962309475818941      
4.035128560522105        3.525025715922228        0                        
4.083306591171984        3.461698748680568        0.1104416163693545       
4.00723912048242         3.428831921032801        0                        
4.04981810992131         3.382295431123735        0.108715888917792        
3.981692452918478        3.344562707236414        0                        
4.016329628670631        3.302892113566902        0.1069901614662283       
3.983131407570602        3.460202646718336        0.08871386916306293      
3.937230684980263        3.509979936953742        0                        
3.916286066134775        3.420918487255804        0                        
3.945467508841645        3.387223957265729        0.0995091913651508       
3.882956223969217        3.458706544756107        0.06698612195677578      
3.849416182384243        3.495995878996772        0                        
3.914521563905339        3.65128381988296         0.09141605279900714      
3.952988457141719        3.599831168469672        0                        
3.865190850565784        3.583294583704211        0                        
3.907086769487052        3.556920791139295        0.07326950674648172      
3.65684709961477         3.803816555922384        0                        
3.739882007803212        3.828065437283932        0                        
3.683061611204527        3.829576927285925        0.0788390419578994       
3.498033043534154        4.0075640869944          0.09651287561474933      
3.342495570370005        3.983431104218686        0                        
3.383531105639869        3.948634859944314        0.09375674944313295      
3.837416933410619        3.630724992095538        0.07326950674648394      
3.781106969566923        3.569766110642606        0                        
3.821274820443794        3.526734856300124        0.1000289160075979       
3.711383188633213        3.642200839917379        0                        
3.746039019640326        3.606548441839115        0.08193485642442655      
3.682682370379226        3.67121921967322         0.06347505954204191      
3.640271712442273        3.713273718411092        0                        
3.726822798949213        3.731448029040099        0                        
3.567799876757293        3.782958965105911        0                        
3.613950029257142        3.738898926961293        0.1060266083632805       
3.538192074908133        3.810668818076071        0.08075722526800444      
3.463769179174303        3.878440804421562        0.1204091497121629       
4.030706223999734        3.630545937208579        0                        
4.036056739695515        3.579895653433209        0.07733044710318551      
4.097110827288473        3.582262414048512        0                        
4.105516238786574        3.659880074836262        0                        
4.113063788498361        3.539649686661281        0.1042099936348118       
4.142820985824737        3.617600624641995        0.09797837090026906      
3.991626194400059        3.671842647670382        0.1095625988515298       
4.03870192794364         3.73348163036751         0                        
4.076197612441319        3.692507687781801        0.09675518068863798      
4.008249736697564        3.766156402522858        0.06446430349668852      
3.970567370826033        3.805862749795374        0                        
4.733561742371092        2.701743332225266        0.09900293970106115      
4.820212906889567        2.648687888796118        0.07470168122073739      
4.775102936452057        2.729174224245669        0.1048169348649491       
4.755087112570561        2.531088386614711        0.0921754155759458       
4.766849923958763        2.621563086975406        0.1022715076707126       
4.814986300399851        2.199893861730963        0.1067228506146034       
4.933998521995689        2.211106953447136        0.1012654419484349       
5.020152575434794        2.246787455118788        0                        
4.991876334690995        2.123610287408421        0.121655189440344        
5.043939268442963        2.192869502788315        0.104711709707983        
4.805499927485973        2.440247984179659        0.08349342343154545      
4.853516034614794        2.43328430581439         0                        
4.865200460616133        2.565116854652158        0.1064640093123592       
4.978725612181449        2.337148679282871        0                        
4.997712957896984        2.296272020137985        0.09763249119803585      
4.916087025252609        2.466189035768133        0.1017085323519856       
4.935673018828992        2.426746795347928        0                        
4.957775988252595        2.381272191561898        0.06496204749938894      
5.052381627279994        1.760445699928265        0.1080635024305993       
4.968797764670907        1.715442644073041        0.09136518250498774      
5.039138554998996        1.582746471596856        0                        
5.030045684628037        1.599642680641703        0.08737654876521786      
4.949023935197269        1.59598064524876         0                        
4.978955713801842        1.499999999999999        0                        
5.133047811335397        1.568059451608196        0                        
5.041213655954015        1.680044190284984        0.09772002559790831      
5.154963397633812        1.697484717413959        0.09492794421963605      
5.105103743010693        1.627377563106597        0.1080635024306021       
5.186015360729455        1.60575573006433         0.09919332189806566      
5.212629975282013        1.560476365313537        0                        
5.263528304205228        1.595387526559471        0                        
5.187398535984704        1.827811923821418        0.146619236179269        
5.051703400881671        1.522603057905765        0.07141598510401528      
5.083138016577622        1.499999999999999        0                        
5.083043354640871        1.445022613131932        0.0549773868680678       
5.187320319353401        1.499999999999999        0                        
5.135020561613107        1.531233174031289        0.1030224095643939       
5.235415058744728        1.50973995482016         0.07748856437363563      
5.291502622129181        1.499999999999999        0                        
5.203903139041234        1.435346012618257        0.06465398738174255      
5.23910263474572         1.673858889691859        0.09309595722074793      
5.218656231852322        1.736556113043554        0.1612365675801347       
5.26692697844822         1.584133897022065        0.09032314136553476      
5.287558777598655        1.513843510221393        0.1425965536998625       
5.314822053545977        1.415156399892361        0.08484360010763885      
5.028439935507358        2.035346000373732        0.1175560394035347       
4.870284086094395        2.125941886756285        0.1048983926988307       
4.882844318057885        1.994407662479227        0.08285990363347431      
4.810921261594923        1.973582718281148        0                        
4.93981340093903         2.054351072028523        0.1385986691727037       
4.7527878776098          2.109741071896107        0.1187199011807899       
4.793778246941115        2.014867270852889        0.08318119750359121      
4.905373629706466        1.937411349822056        0.1621984844034158       
4.833233587931672        1.918294316440815        0.1137763280968868       
4.874576941735572        1.810662762388369        0.16284733350373         
4.90338351551814         1.731135494334561        0.1732476545904965       
4.931861687943216        1.64825370953561         0.1101330961867192       
4.96474595382815         1.546382104768096        0.1333791901996761       
5.003685238970929        1.415321616653801        0.08467838334619855      
4.990532214200744        1.9273720336894          0.1650772195267059       
4.933252820347601        1.854025739322485        0.1928439949337485       
5.036576562458507        1.813157920081577        0.1947193051651653       
5.147830840469818        1.936449750937992        0.2163781109565227       
5.085848554936939        2.093834873204154        0.1940161408418112       
4.759688514705307        2.27384583670564         0.1085473085303768       
4.882451389497007        2.363933643080632        0.1208140020022281       
4.848815753741404        2.261678250393127        0.139919471652471        
4.714165101431774        2.362952303000992        0.1393518333000915       
4.803149787049279        2.354444956469028        0.1534531592577826       
4.665935730220976        2.460029880520888        0.1248817712718531       
4.751882622052374        2.447836540280229        0.1683793635984205       
4.676580623867595        2.273674046222583        0.1918997862606775       
4.730148502243512        2.160022024592218        0.2230954294203719       
4.82318891900105         2.135967556940086        0.2097967853976646       
3.65094672132164         3.961786251443476        0.09653285331192366      
3.924985694806923        3.744466139112993        0.1013660575246289       
3.942601236744127        3.834826656841699        0.1067644864083023       
3.901135043240485        3.876999892175304        0                        
3.754192467201335        3.916183939532451        0.1139377925231555       
3.830428505509529        3.946870706126628        0                        
3.865087423482234        3.912939970002029        0.09982295938567698      
3.799108811608392        3.977030580415428        0.07019750113050782      
3.72735073074928         4.04436107809167         0.1088802770859171       
3.507805234196761        4.126003865124786        0.09118850259115466      
3.535331853275967        4.213244437154379        0                        
3.562344360488924        4.090278286239859        0.1522319548068291       
3.644035622889914        4.119587889475029        0.1114381583841517       
3.57522320987851         4.179447212197566        0.08967765524789117      
3.356690773995644        4.101995130795134        0                        
3.422434838677132        4.187492036254009        0                        
3.392145465859411        4.236126822034028        0.05231241216990758      
3.292888762776625        4.227296744225656        0                        
3.44519836234526         4.287259306375865        0                        
3.764007936712161        3.853371347391804        0.07883904195789884      
3.695979246586752        3.763278259161344        0.1105765717289187       
3.752913485865809        3.759347894769434        0.05528828586445935      
3.762202011647754        3.696997547688175        0.1008714355473045       
3.853404538199257        3.817857922852582        0.1190453854691243       
3.841721652916285        3.722775875703132        0.1382678115525705       
3.601421019714758        3.87984281233822         0.1433297057093114       
3.576009820205369        3.979245434850653        0.1768018537793776       
3.405852919889387        4.04415041097246         0.09919078689147269      
3.493334985417771        4.248130256907881        0.1255828535644249       
3.43149440518344         4.143174057639818        0.09458939308421124      
3.480653098087934        4.06096868300469         0.193025751229502        
3.339092569373563        4.184994337692192        0.1046248243398152       
3.254063695228347        4.055989939698295        0                        
3.305309555585282        4.014340386882585        0.1251687318736427       
4.251526141403403        3.184886800687147        0.08692980896836791      
4.168888952468165        3.108112755674879        0                        
4.133753978958061        3.154691433634738        0.1119933903105907       
4.383683898099472        3.131891532078967        0.09175600198225167      
4.2009715796624          3.064610544077144        0.1100214276659867       
4.309594335930453        3.040686518827134        0.1303824768236906       
4.257475655100606        2.98561568964019         0.07560032592263288      
4.522827708402903        2.857389639370811        0.1480522422603393       
4.312178179003969        2.906048752605849        0.1083226619705163       
4.342059142380421        2.861205497047553        0                        
4.37302276372734         2.813658100751138        0.1011797429803885       
4.669188055344856        2.605041072869617        0.173465107026703        
4.604207464853884        2.728020694724254        0.1623101280855144       
4.63139460554988         2.364356996666002        0.2516092949996884       
4.395619927962923        2.915210297164132        0.1259616344808923       
4.520008397584388        2.999099823987487        0.1249582248689363       
4.418217092198508        3.016762493577121        0.1507435259813917       
4.747312493083093        2.777233172244851        0.2150155286730288       
4.522497955884681        2.925555923893932        0.1981448731995134       
4.672632653078469        2.901121177990481        0.1949247415402838       
4.643565868920047        2.803599939149246        0.2545309661004603       
4.570381088077863        2.480245292252404        0.2187097905022239       
4.491038381281869        2.621178028645351        0.218822094688586        
4.521794435249671        2.714234337650582        0.2339904859054976       
4.524987514184974        2.852012023800377        0.2713315215300905       
4.419309045235456        2.740384564746357        0.1872288867880523       
4.196038513141326        3.438248307874958        0.160727040696207        
4.52425600539304         3.127476234548396        0.1931643899922675       
4.592845627418148        3.025850135533152        0.2152159192525271       
4.200804233788807        3.550104757522241        0.1828889343741169       
4.09457415360211         3.324486433491301        0.1665622024934649       
4.414403300414601        3.152062954339882        0.1835120039645          
4.218017608629008        3.287510727785136        0.1973714253377202       
4.304550595436158        3.176649674131366        0.1738596179367319       
4.463819030036383        3.213147937317087        0.2571028395724934       
4.380553750163811        3.325770413291599        0.2185911025062837       
4.289479586418849        3.442435893040855        0.2198234315024733       
4.131484621821858        3.398371781438907        0.2208832327387084       
4.073755664509536        3.231797454339686        0.2078849235708574       
3.975002652102556        3.577528892817911        0.1546608942063727       
4.098910540426101        3.552665687344192        0.2461053613934356       
3.932610887543882        3.680988434349561        0.193049110978335        
4.002611577958683        3.48994787868201         0.2216820384526919       
4.030220503814809        3.402366864546109        0.2887031826990117       
3.97348965722486         3.354307669836962        0.2219430339749445       
3.883789530709445        3.457770796503394        0.1951081942975424       
3.876942853993837        3.603861645324844        0.1465390134929657       
3.709276122794281        3.85533729864947         0.1576780839157988       
3.388590972061287        3.944293501257829        0.2239570778196753       
3.782790457990664        3.567982111913509        0.203680818597391        
3.698706249278077        3.655074839391296        0.1786586538874313       
3.627636303515915        3.725621404465756        0.2284963528896539       
3.551895318107877        3.797899373232964        0.1901265581066947       
3.489677168242557        3.855146334634603        0.2450269116860654       
4.106702823703536        3.65855052142039         0.2249043014378427       
4.01331930300591         3.760753670758051        0.2175957641611459       
4.819700190915177        2.649620740727286        0.2017148154406867       
4.788592005636167        2.548416201636107        0.1843508311518883       
4.924176536130219        2.185763411581695        0.2155528967765397       
5.025164153259388        2.235559266223301        0.221309008155417        
4.89010916320384         2.517306570910632        0.2161423825201231       
4.960236372696473        2.376142909628741        0.2018366906833063       
4.676796510175507        2.594061049668922        0.3102602737895411       
4.78319157419828         2.714972995172987        0.3124641523932253       
5.077159674685993        1.686695674604996        0.2161270048611986       
5.031295559039775        1.606744392116593        0.1690688453214879       
5.193512062930868        1.582081307796601        0.1711283756006366       
5.19815241899289         1.797000675825797        0.263936446464661        
5.08662096026365         1.453481132414945        0.1530730720791396       
5.108929414569           1.387478623273706        0.1125213767262939       
5.151903447165305        1.499336597925599        0.1998977525562341       
5.202477040040825        1.330102121471735        0.1698978785282651       
5.252003564248628        1.632929441561916        0.2392343416368808       
5.304793164647106        1.452297999831078        0.2442623540269595       
5.345685622116922        1.293694846360318        0.2063051536396821       
5.204160452183221        1.243631498691833        0.2563685013081672       
4.964070775391719        1.994435673144815        0.2501971163349338       
4.794691162041892        2.012693881502443        0.2391479238616834       
4.848616557424449        1.879073569360574        0.2666961712521115       
4.890697921147711        1.766656119362638        0.2505564268762334       
5.048052528107278        1.764105683591544        0.3595534170326288       
4.935663117519667        1.636835236166441        0.2710174421422612       
4.98642784618299         1.474970282687372        0.2694930845576998       
5.036413492162879        1.29404034429936         0.2059596557006396       
4.997317513698368        1.893464871077096        0.3172794426340576       
5.160772681262667        1.901690125213081        0.3310561875027573       
5.116615594591921        2.017484784869211        0.3156988359830137       
5.067292236184056        2.138352027405402        0.3697709057135418       
4.81253369645674         2.320834180379737        0.2356950716192097       
4.73909393558939         2.482043399029833        0.3063833569184472       
4.893589960392301        2.162194041984066        0.3008736696145343       
4.684388364442631        2.257544163704111        0.3578411959265793       
4.762015767525215        2.088828817744824        0.3804383310736564       
3.690306018268397        3.975510552594148        0.1930657066238479       
3.910054658040631        3.868006278580061        0.2237800506080795       
3.809665390417457        3.861671788614767        0.1907290672619411       
3.80460221633142         3.971775670337645        0.2093295594683203       
3.500409055931537        4.035280595431909        0.2717895543722649       
3.688250461236431        4.080050065279747        0.2331945578465933       
3.47361572618992         4.155146487561064        0.214213157972914        
3.585096437749743        4.170981123432965        0.2215458938138432       
3.31908436378978         4.385616047324276        0                        
3.241427301241553        4.260949357047021        0.1521176393296642       
3.133956101181225        4.330035160450119        0                        
3.248850709812734        4.161157580547647        0.07950023953757659      
3.132646102983938        4.1504797216305          0                        
3.376810870919384        4.341330250285122        0.1665924939924124       
3.465283196355706        4.271043475434872        0.2933305654856094       
3.79230087435878         3.772744820428085        0.2242821368181042       
3.873595580687704        3.69013422102874         0.2765356231051409       
3.607385475003335        3.917031152347727        0.272962915275179        
3.37130126879177         4.134375889667248        0.2146935555167341       
3.204812656848835        4.095018416869638        0.1590004790751487       
3.296880503714151        4.021265838542576        0.3092282312520545       
4.155754219385873        3.125653030657196        0.2291571593713165       
4.321294873322187        3.089371397610855        0.2367246121673917       
4.25749578749237         2.985586980726691        0.2180304595649418       
4.341532019395316        2.862009735232435        0.2256440890838546       
4.614499084761625        2.706078700308011        0.3141371906606351       
4.597775084203942        2.429087127929635        0.3883877354652243       
4.455294463191539        2.961811951226041        0.3012699299110556       
4.459556746613964        3.087479944271562        0.2791863847417726       
4.710887473807944        2.838580491921872        0.3506340222433674       
4.636254915055268        2.958908643845882        0.3131120283387551       
4.524640323710433        2.860076838051831        0.367734549869222        
4.509555187229541        2.589191382136736        0.3877746666165466       
4.445806595324963        2.697184405443029        0.3158102289280457       
4.386902869989544        2.791967623250224        0.3131413771261926       
4.236415206838849        3.50753277892945         0.3064507864361693       
4.539086375455773        3.105912889337331        0.3692980496931286       
4.163569244317559        3.593701594146752        0.3157954846888983       
4.012085213199661        3.308046590062575        0.3243096572011395       
4.332995410713922        3.138056276394575        0.3430667475110928       
4.238964548822588        3.26378458370327         0.3045439847924326       
4.424054090382436        3.26768196209032         0.3872604884191128       
4.31464913162786         3.410836095584624        0.3763246756571315       
4.151697172080653        3.373494157378705        0.436554080361309        
4.097375347481363        3.20179875411494         0.3904968670785819       
3.997016847063392        3.555226617166147        0.3093217884127498       
3.928956385807758        3.406361947653309        0.3565231326593105       
3.830464449809218        3.516751640185551        0.3028480921366072       
3.742880095801274        3.822713765153038        0.310296462083638        
3.437334446855593        3.901888248074252        0.407860363125197        
3.711844896803439        3.641731382471018        0.3482298337475498       
3.576490727963576        3.774746888572871        0.3351941493060817       
4.075133873193274        3.693681620761701        0.3997436751140676       
3.964400703384738        3.812286330143973        0.3493904276128884       
5.208938532268952        1.765491253743213        0.4334483419489038       
4.846793265628901        2.599729801393664        0.3611574188371985       
4.992856731482006        2.306812012040604        0.3771743085494128       
4.924556069393489        2.449234067907711        0.322863559872697        
4.689457722950519        2.573835368706452        0.4451962329388849       
4.781140361697089        2.718583609483261        0.5020047304125502       
5.100151194845619        1.61557965840309         0.3570220789020541       
5.16375318133935         1.428084349913875        0.3221729452427164       
5.266479146536174        1.585622085838745        0.4824661166842215       
5.328619147354217        1.362284104895166        0.4619778431934857       
5.203264815301984        1.241237206582515        0.420893767461812        
5.384822301721901        1.119682917427702        0.3803170825722977       
5.077910483249754        1.12019030826986         0.37980969173014         
4.939952951680851        2.073883149533864        0.4305712902748312       
4.831135041475206        1.923573292346918        0.3931133228236544       
4.891331701088173        1.764900617578758        0.3783522194559474       
5.032125407445795        1.797307996404653        0.5171823604669986       
4.948298825442608        1.598229875244269        0.4748098161672254       
5.018572668428742        1.361590383228386        0.458183682895994        
5.128199108383078        1.987856610718944        0.4971956609256278       
5.040027982561819        2.201844212244328        0.5162287921296649       
4.802227051055679        2.357893021489232        0.4777739802870575       
4.648248950900481        2.331047337668754        0.5711877037784951       
4.726860571417121        2.167207682337393        0.5143967447652503       
4.790052855981068        2.023707893177178        0.540482237170149        
3.748617973108151        4.024656916022848        0.3411839046728249       
3.858123888086634        3.919806125840318        0.3920965712776214       
3.410728438913921        4.130428050699222        0.3973245287753642       
3.568659436292327        4.089598364801712        0.3666527291168454       
3.635490982224614        4.127130397523626        0.4012501944057689       
3.53610181158805         4.212598245511161        0.3850119498978566       
3.238408328866408        4.445527133594922        0.2114788375341853       
3.138162842825928        4.516844534543623        0                        
3.196446718984643        4.292295082563303        0.304219225860959        
3.020884685405417        4.413101646052707        0.2612128895367167       
2.981913588005969        4.435399409776749        0                        
2.96003699559239         4.275293933754823        0                        
3.056479002651962        4.206891501613473        0.2131506358690599       
3.323452676760992        4.382312438123303        0.3953199214495912       
3.457338466462314        4.277477145271501        0.4463295772997572       
3.837869057590626        3.727272688265418        0.4608854444093543       
3.600297773993895        3.953751937588516        0.4867709498260721       
3.436772584308697        3.902383144149754        0.5902566664158726       
3.305991692366212        4.213504399722801        0.509765091949608        
3.164976098196365        4.125884910882236        0.3743214387534283       
3.288748274308444        4.027919411834507        0.5117806061523683       
4.202171791391452        3.062964615472068        0.4290306554496931       
4.317743298964924        2.897773766918925        0.3873239405695772       
4.598049452102053        2.709605823569802        0.4949284356363089       
4.530082261298389        2.553106873178181        0.5713177340157016       
4.408517507561037        3.03052954639883         0.4702415554133734       
4.646509120838373        2.94277980657164         0.5186258390534093       
4.41685999178801         2.744330120984431        0.4738986129647071       
4.207557636680329        3.542098069508105        0.4712905364301934       
4.49929171615714         3.163285325878735        0.5531591702571653       
4.025270127514624        3.524069933165832        0.4740536192215279       
3.98874521253345         3.336152219172783        0.4967834850654868       
4.305437297199108        3.173409467103444        0.5796778619039336       
4.117077343150639        3.416396617963107        0.6103370483936323       
4.345441987932388        3.37151804526006         0.5634957727641837       
4.111582878241072        3.183533608328152        0.6061965535507019       
3.827210111892319        3.520292993406824        0.5373692103925148       
3.606454000881745        3.746129941622962        0.5407085612484747       
4.121583869221491        3.64177791867835         0.5915841057837373       
3.925545928407336        3.632709188451233        0.6779866744835885       
3.963893218377812        3.812813994059819        0.5735410550711501       
5.198435247084669        1.796182335362355        0.6633942746782767       
4.920065737668724        2.458241879274357        0.5977067646475337       
4.686298373147424        2.579796645815247        0.6252692227026593       
4.764299824970136        2.74798966115041         0.7540712944794364       
4.591456384597757        2.441009682147226        0.7485337149927701       
5.150657599389589        1.446078040962502        0.5916911038664676       
5.282742530350436        1.530565698696619        0.7251985248369336       
5.363704897094561        1.216827751526006        0.7350223420757923       
5.060764830806753        1.195265379432322        0.6935463967657562       
5.126569438275652        0.870796258562053        0.6292037414379469       
5.430720619740855        0.8702148225071744       0.6297851774928255       
4.952458474194585        2.039061751060943        0.6458137372887598       
4.868059404287465        1.828113135538494        0.6568576237922469       
4.970132644628868        1.528980541012362        0.6941320822341684       
5.061483867542362        2.152064371390507        0.7922950552547514       
4.743811563282689        2.129847847163138        0.7820639530537427       
2.876710383156982        4.687700344326837        0                        
3.529775371321782        4.015009696982435        0.6231387287112535       
3.762105997516877        4.012051652639526        0.5765692579914278       
3.566656096533794        4.186760596100322        0.5686767905861828       
3.183153235089719        4.485257571415254        0.4594632415834266       
2.712917910392271        4.436222816086143        0                        
2.81519068157618         4.372036302041264        0.3091962366116446       
3.058635519776407        4.340768391737721        0.4350954064457709       
2.985290368158873        4.619311790491942        0.3092751432043817       
2.689311307580178        4.797666588136507        0.3914420933256479       
3.017451423595293        4.23497188966382         0.4187148766943488       
3.350739966332492        4.361483884874749        0.6794723237546224       
3.747350392095635        3.818028784876101        0.6698096706517139       
3.532248610793068        3.816178684436887        0.7321989637163751       
3.332732830490948        3.991602670678507        0.7716108406830174       
3.129649635899264        4.152745255432316        0.6203708420262893       
4.292224248742553        2.935440511832327        0.6764887634792027       
4.452099559545641        2.686784232478207        0.7807190874562409       
4.589006250449484        3.031669776432712        0.7074424434600962       
4.245409473767825        3.496641016753422        0.7238906117217875       
4.426214858895299        3.264754511888218        0.8410299103148583       
3.944746509852468        3.388063602267049        0.7161613795672561       
4.121567038160451        3.170596970595488        0.8376898386832782       
3.729507987593182        3.623640458224112        0.7643892431834365       
4.071984690432586        3.697153050778754        0.8611032490591308       
3.888246783309521        3.889927628129239        0.7989107800549439       
5.476072216567831        0.5124784590180584       0.9875215409819416       
5.174640343381835        0.5129313322191359       0.987068667780864        
5.408910341116031        0.9968394663977103       1.052150488444303        
5.197096619829856        1.800051867073027        0.9335742245251522       
4.895604944030185        2.506601729830092        1.029530471190022        
4.621883520171559        2.981307217642382        1.163779619704502        
4.586867463587437        2.449621781312976        1.075858379087559        
5.017865336244905        1.364194805484835        0.953101939059573        
5.300487378216632        1.467935132547135        1.106742773935031        
5.102013953845612        1.004715688523206        1.07325007409122         
4.890927115268877        1.766021504152105        1.069143456500747        
5.062129787668093        2.150544585169857        1.133087070177201        
4.730188570457509        2.159934278609686        1.214525081108953        
5.449104101026171        0.7465015044725425       1.409865794857228        
5.146877168741567        0.741387489702111        1.419444941704484        
5.2                      0                        1.500000000000001        
5.5                      0                        1.500000000000001        
2.496007286619325        4.901009605678924        0                        
2.536774962304202        4.5392480424214          0.3801702619478842       
2.356535849906574        4.635374031935174        0                        
1.839616222529914        4.863718950065218        0                        
1.939723385343509        5.146592702062917        0                        
2.100943483041122        4.756683348833201        0.407628903870273        
2.242011199250214        5.022288898742945        0.4627974180906314       
3.628341362739975        4.133417345905229        0.9162858502800098       
3.008276385912906        4.604375439292368        0.7137078742205499       
2.574876459125686        4.860042306424953        0.7479193707413867       
2.820452545606185        4.368643661135981        0.727595828146535        
3.305408417688244        4.395938488227025        1.041953870533312        
3.535928582119306        3.81276921176089         1.016926040127802        
3.177084844178642        4.116567975011511        1.021044531073064        
4.287263757339347        2.942680661404581        1.172212038171658        
4.290389146021496        3.441302220918842        1.179411861712871        
3.916082860450492        3.421154049452596        1.200932594114667        
3.921458119529597        3.85644476386936         1.18973055005159         
5.3596050098363          1.234760761660991        1.537924945281168        
5.167657244384313        1.882901644951838        1.477134908562336        
4.535541953966888        3.111086495712749        1.714747285329325        
4.916648987695325        2.465068504483098        1.637196797219298        
4.557870526200545        2.50316125457238         1.663777628621353        
5.014996548191625        1.374703466797873        1.542928372125938        
4.823802740751618        1.941887514331655        1.525635943229701        
5.451003774610808        0.7325010915887573       2.149215262268245        
5.149852958300989        0.7204266151930743       2.100602711995294        
5.200000000000001        0                        2.478288426686483        
5.5                      0                        2.490785856701365        
1.08939340888699         5.084601118214438        0                        
1.550731776190883        4.963389059736489        0.5323222589858612       
1.675532395891465        5.238567665910044        0.58050958270914         
1.136558839523175        5.381279974484242        0                        
2.394205596249937        4.61603504783981         0.886323456005077        
1.933043219649637        4.827353717200198        0.8889619430445739       
2.195830853134824        5.042650777559476        1.059815074358122        
3.640831081639627        4.12242028849156         1.596394895154823        
2.776907242527338        4.7475031507519          1.351849337315639        
2.683658026897248        4.453984687296305        1.332910563556171        
3.083283234665771        4.187286053618619        1.458839030294231        
3.224059635505135        4.455944284515516        1.482142642534707        
3.505572201403056        3.840698314206693        1.593262099057635        
4.067873158572219        3.239198661053021        1.796563146397549        
4.111580399338129        3.65306811047625         1.68614560443542         
4.330024431812348        3.391295979401998        2.168881082159952        
5.182854689351117        1.840656749388961        2.269494496452195        
4.741145176216795        2.787748628918363        2.372114265502341        
4.38915231094072         2.788430022676512        2.499347390300271        
4.856883280793449        1.857601894042174        2.295984963599869        
5.427478387119936        0.8902125349297106       3.092055783749215        
5.125733024069987        0.8757059814563016       3.067850429134666        
5.2                      0                        3.767563582879905        
5.499999999999999        0                        3.795548740932311        
1.545700876010968        4.964958086620563        1.17807177156991         
3.864723707274949        3.913299204817717        2.359578519352652        
1.670804885045583        5.24007738837012         1.241238958928874        
3.184081677783118E-16    5.2                      0                        
0.7619436967186121       5.143874201711272        0.9184312650734355       
0.8700632598506133       5.430744877441596        0.9289603778759853       
3.367778697655222E-16    5.5                      0                        
2.15845797314083         4.730862413787235        1.67706850812196         
2.252123904470285        5.017762242166674        1.819297120147551        
2.964032166014763        4.272530084016944        2.023364298363783        
3.109059966699804        4.536931355383793        2.096946971612704        
3.739307055597173        3.613527742243195        2.447536282144015        
4.31518079098621         3.410163447857542        3.019924796223382        
4.966517692280383        2.362985825659126        3.520790360311613        
5.2                      0                        5.277580836907607        
5.5                      0                        5.299973100252321        
5.373193083517918        1.174221481337834        4.417974958235573        
4.073367624875753        3.232286526998198        3.180951075859315        
4.694640903637465        2.236145519838546        3.559405238872403        
5.063234731637342        1.184759069322251        4.376790891240213        
5.077057556089787        1.124049185823997        5.927423306311375        
5.199999999999999        0                        6.825438929463401        
5.375116859406477        1.165383519586689        5.910027978187625        
5.499999999999999        0                        6.831478152167792        
3.184081677783118E-16    5.2                      1.332924460361041        
1.145368828896658        5.072290433895904        2.030228109706794        
3.458047241798051        4.276904169313699        3.333852551459391        
1.184298245218002        5.370981071124117        2.059513792941551        
3.367778697655222E-16    5.5                      1.351990568029226        
2.219589453325661        5.032238334845191        2.866419331637537        
2.161038850508086        4.729684036655588        2.78006175849592         
3.265441545627929        4.046837223324788        3.398258777967079        
4.263628928336336        3.474401871035294        4.362695817307982        
4.957417484900368        2.382018446696858        5.080557749915048        
4.020811336538435        3.297434790251962        4.410139580537214        
4.678127216993392        2.270490198531071        5.079508532840911        
5.499999999999998        0                        8.412803890857262        
5.200000000000001        0                        8.416026821919061        
5.5                      0                        10                       
5.402292356612111        1.032103334792778        8.964485863268026        
4.720728458013105        2.180532693106254        6.362232321224242        
5.2                      0                        10                       
5.106975077428474        0.9791861715345225       8.977650720293106        
5.343852823593652        1.301244404318478        7.556997680365614        
5.04660725941195         1.253696601754431        7.511397423181658        
5.004318983836617        2.281839500931749        6.381882666431395        
3.184081677783118E-16    5.199999999999999        2.769547064278405        
1.113631945110043        5.079352703921083        3.429515225842326        
3.413391368177626        4.312627895802104        4.956470162722013        
2.343602278672765        4.975693756593127        4.19607985815817         
1.200648305608998        5.367349778637335        3.472056273104956        
3.367778697655221E-16    5.499999999999999        2.79223019039094         
2.225590862152628        4.699653744086124        4.217066435306065        
3.190689932044194        4.106031874882588        4.999592340549264        
4.323667658062795        3.399396708626663        6.104357242447275        
4.047133422701938        3.265074433891041        6.086300613102125        
5.073295666656023        2.124069461832458        8.835572385506863        
5.023055341924928        1.344933851388137        10                       
5.312565667670206        1.423576579044865        10                       
4.452375845547007        2.686326363268167        7.385816632360463        
4.78545297562108         2.034561333093537        8.832937151666275        
4.734822787912229        2.798473363651522        7.444370157684066        
3.27123084056459         4.421430626815159        6.42869337245803         
3.184081677783118E-16    5.199999999999999        4.212999048137858        
1.15170103663484         5.070856409149665        4.907876740946946        
2.337400343466131        4.97861021112965         5.637889646766713        
1.213307391515153        5.36450232302072         4.893266234316465        
3.367778697655221E-16    5.499999999999998        4.233212381354154        
2.26129379617833         4.682579456599258        5.667903350298578        
3.116206460091002        4.162842454151623        6.437853012063973        
3.951773423188427        3.825374074751596        7.486710264111097        
3.09077418589408         4.549408195777864        7.621774884376903        
3.745232960116788        3.607385490137538        7.499021301787737        
4.360068778920852        3.352581131468652        8.758158658837051        
4.503183257283757        2.600244748121878        9.999999999999996        
4.762840826365046        2.750503833540255        10                       
4.111928060137925        3.183087750636222        8.69689222522844         
3.889067851479349        3.889106741475254        10                       
2.142434262261825        5.065567631755263        7.06330550154764         
3.184081677783118E-16    5.200000000000001        5.659490040535585        
1.097630833886771        5.082834499814157        6.355638022752677        
1.143363897267055        5.379843770819585        6.338485432506673        
3.367778697655222E-16    5.5                      5.674194572317372        
2.01702590041643         4.79287038391915         7.117190290837591        
2.943353830765527        4.286801631393492        7.650367483209494        
2.19547150309175         5.042807241915167        8.638548923783953        
3.475822053701581        4.26247123755712         8.68690947236092         
3.31063094613226         4.009952959638231        8.624764419150996        
3.675372596175098        3.678537245844604        10                       
2.750458760303519        4.762866856961918        10                       
1.049447690011521        5.242196024366549        7.740575260075444        
1.057366981959063        5.397404474880753        7.724974591177864        
3.184081677783118E-16    5.199999999999999        7.111786008782557        
1.009594888234512        5.1010506919311          7.734130280317788        
3.367778697655222E-16    5.5                      7.115308542716123        
0.9665387718625383       5.414406966832699        8.868816138681639        
3.367778697655221E-16    5.499999999999999        8.557935804454392        
2.064074674672096        4.772797475001143        8.698231173059874        
1.423556967335984        5.312570922360817        9.999999999999998        
2.598409184748759        4.504242715191896        10                       
0.9165150645127784       5.118593570163696        8.878249067378663        
3.184081677783119E-16    5.199999999999999        8.558900025633799        
3.367778697655222E-16    5.5                      10                       
1.344576380907561        5.023151032668447        10                       
3.184081677783118E-16    5.2                      9.999999999999998        
