4.67079936007022         1.784257400565241        0                        
4.656324757512241        1.821713411208956        0.07034487969990511      
4.634054982687973        1.8776240107792          0                        
4.583398137481178        1.807903984796234        0                        
4.400389211830086        1.852358568709649        0                        
4.438086590961099        1.760906054061983        0                        
4.448017280993136        1.835834491940669        0.07410178573823256      
4.349619450031308        1.780663330109152        0                        
4.491555220841166        1.830790481094998        0                        
4.452399798377559        1.923806850410532        0                        
4.618111792673441        1.713439944841135        0                        
4.705664284237866        1.69017284626032         0                        
4.684622649300812        1.74765861473511         0.08211279134146487      
4.5284275591582          1.737576171539055        0                        
4.548283533983842        1.736856204023834        0.08135525239393426      
4.474611932087845        1.670523534895783        0                        
4.566026773481795        1.649252039302831        0                        
4.608431024846556        1.566470382519717        0                        
4.593095445991594        1.59779903910218         0.06374382403152301      
4.514412521613561        1.582833169701902        0                        
4.659930873600962        1.631652045081002        0                        
4.68613902454468         1.560352371287812        0                        
4.738634813729755        1.59540787152004         0                        
4.714811877287422        1.664496609125248        0.09571014266042677      
4.743317723287338        1.58143510013792         0.09520271298211702      
4.769696007084728        1.5                      0                        
4.79546685702087         1.415450102546742        0.08454989745325843      
4.680394353192006        1.424535834454778        0.07546416554522262      
4.766719461873953        1.50943220178718         0.1449762028570839       
4.41953977845155         2.090016532234694        0.04859432138264008      
4.463316696671469        2.085113921723062        0                        
4.411769899753074        2.014756479767864        0                        
4.370770436292924        2.107909764985379        0                        
4.419593345317851        2.17428619957666         0                        
4.5126945458652          2.153040940319318        0                        
4.387640018904539        2.15504946542036         0.07452467472640945      
4.325696083947308        2.195629588933391        0                        
4.374166026791444        2.261650291285783        0                        
4.544512476769503        1.901498360758836        0                        
4.489797809069415        1.932130986452325        0.08146803740372577      
4.504309950773527        1.993945441022075        0                        
4.595446093552281        1.9702351532466          0                        
4.361097142641002        1.944639558000139        0                        
4.377187057473845        1.999477165325092        0.08146803740372355      
4.31929097357836         2.036190718504377        0                        
4.270053552769306        1.963825930776368        0                        
4.468309120610171        2.072123299484009        0.09718864276527905      
4.554987634124305        2.062053304311839        0                        
4.577115506237021        2.012464569269387        0.08479324119116838      
4.536450222565619        2.102526903082182        0.116403840977814        
4.575985053834209        1.820511913190322        0.1092742255881834       
4.618866194760132        1.914699734919827        0.1192021527865916       
4.663608470977965        1.802985310373484        0.160833515405745        
4.526974668064726        1.93873167353282         0.1410691137970205       
4.310808672742787        1.872666958923599        0                        
4.381390700000085        1.898037109641755        0.1147499984944794       
4.293940810801696        1.911039589681927        0.095078920312337        
4.32769825863084         1.833310607137697        0.06656392218151508      
4.455378568801049        1.715096608352864        0.08229374708499715      
4.38646846108256         1.687856594143453        0                        
4.360381836177313        1.754157986823014        0.0938566830909543       
4.397939096950466        1.657748985677421        0.1025598027177765       
4.421338282344234        1.594288300836927        0                        
4.427958015915577        1.575813380222729        0.09341791410641842      
4.454211490264017        1.5                      0                        
4.497595852145511        1.614098403546013        0.08780882699889858      
4.495645350156182        1.819310415171688        0.148203571476464        
4.490006969911362        1.663018618685581        0.1619860728603933       
4.628769618515284        1.681155922299521        0.1170413947575577       
4.56813950880948         1.73613623650861         0.162710504787868        
4.693778046760142        1.722918352027323        0.1715343566628846       
4.539355299580126        1.512991319929954        0.1230613607719311       
4.559372995870921        1.5                      0                        
4.452055128699368        1.506388107700551        0.1324056396844259       
4.596291243304912        1.438916095992595        0.06108390400740515      
4.591956931871628        1.388247208635535        0.111752791364465        
4.48172498894811         1.415677473835206        0.08432252616479445      
4.664534501477825        1.499999999999999        0                        
4.668763197496944        1.500163137008188        0.1282747956679081       
4.576721794153539        1.6080866432616          0.1587600685743951       
4.661819587921376        1.614358522025995        0.1386765290033287       
4.687362664829736        1.330593193182393        0.1694068068176072       
4.680777155476657        1.757932086506148        0.2516315385515178       
4.729789580746015        1.621447045655957        0.2432392390253363       
4.785008688687354        1.450410924250962        0.2386369960911539       
4.829572007001908        1.294308936919973        0.2056910630800274       
4.337488833034795        2.086001724884218        0.07452467472640723      
4.278719526176427        2.128933886211193        0                        
4.227371513663175        2.054098695857033        0                        
4.246600788695036        2.014046112047758        0.09951132307244315      
4.20574917137855         2.098016660431617        0.06573700535316584      
4.182779990324272        2.143443701150793        0                        
4.311373773020779        2.221168765534415        0.07705693595194463      
4.223100130676386        2.217955174824989        0                        
4.280967792336953        2.281385628890136        0                        
4.468581996632832        2.243160565431849        0                        
4.488050801648144        2.203950998054506        0.1095566552980953       
4.445299124674861        2.288955152938762        0.07786763275657138      
4.4226681572525          2.332375889787412        0                        
4.339390403640598        2.290174726601323        0.1057122303892338       
4.334043119122742        2.352436813208536        0                        
3.061616997868383E-16    5                        10                       
2.87791997799628E-16     4.699999999999999        9.999999999999998        
0.9058205173135381       4.917264401108998        9.050063865891437        
1.294143979643245        4.829609585909379        9.999999999999998        
3.061616997868383E-16    5                        8.63798385345064         
1.450693789874244        4.470513116142556        10                       
0.958087874102051        4.601311511460467        8.987314947905233        
2.877919977996279E-16    4.699999999999999        8.621912860645269        
4.355686692491225        2.13581273126406         0.1490493494528156       
4.392551131871194        2.225329470094972        0.1318352636009923       
4.435204749218576        1.953247808316561        0.1828663037911749       
4.356144116076416        2.010759194793581        0.1946317933823261       
4.269868237827268        1.964236551842435        0.213047707364184        
4.471701843569644        2.06417142377411         0.1958461162730596       
4.511519947728432        2.155501742344098        0.2258184962536636       
4.576225471936958        2.014487634609695        0.2307932293025633       
4.636660390314443        1.871197591086819        0.2802742112402207       
4.474839805749617        1.869095447109113        0.256634437262302        
4.326399561922375        1.836373281933138        0.1898344444826477       
4.372424505552232        1.723921095423548        0.1772049901663358       
4.298687154104864        1.900339114772367        0.3061806539422546       
4.419468874154123        1.59946705823624         0.2315178454643357       
4.509158566522792        1.526681697950015        0.229739895758786        
4.518992207040085        1.759980360045491        0.3091482808213991       
4.624390893893052        1.690713702850724        0.2761937599233699       
4.593218569360023        1.442324973110488        0.2210593074427897       
4.471240031895921        1.448451786277802        0.2336980307323155       
4.518134105009986        1.294784080711362        0.2052159192886381       
4.622326981946864        1.512082293398792        0.3144180790155032       
4.647860118647657        1.38165651595432         0.3002017677627111       
4.689980651384005        1.243767565216587        0.2562324347834133       
4.6861515516879          1.743554884313392        0.3781664653452654       
4.740239139926691        1.590639147106305        0.4546441707517018       
4.814509839628286        1.349257204584218        0.4334962469669723       
4.681960347437967        1.254853862071221        0.4955593828782046       
4.56428843918401         1.12128166405433         0.3787183359456707       
4.87281146332541         1.120584562139952        0.3794154378600481       
5                        0                        10                       
4.699999999999999        0                        10                       
4.829609500495492        1.294144298429414        10                       
4.908147060450308        0.9539876482392213       8.971186965390839        
5                        0                        8.450901638260417        
4.470513905727941        1.450691356649284        10                       
4.577734121316642        1.065058831489294        8.993763896247607        
4.699999999999999        0                        8.44745309362918         
3.535533593709179        3.535534218156269        10                       
3.804067654351614        2.760266158238022        10                       
2.761517494179266        3.803159361076619        10                       
3.378243367677278        3.267640088618156        8.81919482139228         
4.588797399807218        1.985683364366665        8.880145329478447        
4.329926045024209        2.50033552367874         9.999999999999998        
4.165062153685901        2.177672439999497        8.87387962806587         
3.916015083516496        3.108830305061904        8.917560530540477        
4.264612701948255        2.361516669824326        0                        
4.19006500250191         2.319070452500669        0                        
4.243558232298079        2.282889197318055        0.07705693595194241      
4.13629817288378         2.231819997029335        0                        
4.259470945652949        2.158468852326695        0.1255179435401405       
4.163255198814674        2.181124973389326        0.1019865376274609       
4.206647178500675        2.096215522223874        0.2032313059487706       
4.297051462094244        2.246707942135438        0.1541138719038854       
4.29229257658653         2.422593032727383        0                        
4.207186121438458        2.414079973437157        0                        
4.286229675410002        2.355019983107674        0.07958919717747537      
4.374973313537798        2.420651955791512        0                        
4.400736250103102        2.373503835477939        0.1072496304957143       
4.444619686742415        2.290274184507556        0.205256741583264        
4.331834730420961        2.34120528106135         0.1862671999926363       
4.346923159632016        2.470679874903831        0.1097933255806066       
4.325517794345453        2.507953863450234        0                        
4.241660604473656        2.505126760727963        0                        
4.300574203757422        2.550502208973013        0.07749849536632269      
4.274321928532186        2.594246712769659        0                        
4.238416231697263        2.357603153006816        0.1591783943549552       
4.12379384432467         2.400534423311098        0                        
4.181105038010967        2.379068788158959        0.07958919717747759      
4.157376341986878        2.495745603361717        0                        
4.087948848194633        2.319188610027456        0                        
4.110214464646847        2.279503686026375        0.09993626062852423      
4.062932501666159        2.362748291059537        0.0665827151154319       
4.037755240263843        2.405510931695047        0                        
2.950712901010712        4.036495184663169        8.833053840241451        
2.500334807330302        4.329926458705617        10                       
1.895777020280173        4.626665050484812        8.918978312088402        
1.064441696592058        4.885382674321042        7.995629298169344        
3.061616997868383E-16    5                        7.267938564053752        
2.163580699389721        4.172399616195491        8.751987745667842        
1.078832722935148        4.574507618960136        7.852778435246808        
2.87791997799628E-16     4.699999999999999        7.23416832841389         
4.340602948689521        2.16371569754274         0.29809869890563         
4.47455871887837         2.231215872861602        0.3929660918624972       
4.39973551918016         2.040060260128114        0.3301311970012477       
4.454034261343051        1.918880479046538        0.3650653030481399       
4.240202558336962        2.027481754362462        0.3394789018825822       
4.539308089228379        2.09634970152067         0.404693749083524        
4.60938136858123         1.937421843320712        0.4239499521540285       
4.357207258603516        1.762028633584832        0.3666650230912888       
4.290298569336469        1.919202486958957        0.4221676127364166       
4.511598219698667        1.779421930951352        0.4961213240742179       
4.428600335723488        1.574007327311345        0.4411951925714802       
4.572219254245344        1.606967698617443        0.5295044367519874       
4.500851823509312        1.35363690213177         0.4404812777940392       
4.633478448872574        1.429068663136826        0.5049195669335038       
4.665989180793819        1.796815228317876        0.625577625057156        
3.497588944721477        3.573075926112137        7.90538285828484         
4.764828754074727        1.515390030435295        0.6852938210654685       
4.542662972327121        1.205907591753248        0.6974555618861344       
4.852538318294863        1.20535134690266         0.6890164114935343       
4.61839115265022         0.8720456333275102       0.62795436667249         
4.92350765848081         0.8712477834753818       0.6287522165246184       
3.094154991402713        3.53782488107844         7.760305227436451        
4.848011204136714        1.223432615457379        7.649415394106311        
5.000000000000001        0                        6.901803318493585        
4.700000000000001        0                        6.889076261836733        
4.515401472016173        1.30428123750753         7.676655388095468        
3.849629992488776        2.696358455571303        7.678219291223252        
4.227538419446169        2.669816269353864        7.683563654964204        
4.255462655939835        2.479784020356886        0.09232348981860483      
4.22020310260172         2.574758542143812        0.07979085856102408      
4.191000261942478        2.589343111721301        0                        
4.221406044954716        2.679495603755869        0                        
4.105470522710272        2.582094589627148        0                        
4.139832001446017        2.599014875314611        0.08208322175572103      
4.137355052248038        2.673293526744049        0                        
4.138176760605113        2.22833864077877         0.2157683869174659       
4.166306168415669        2.331790725228436        0.2559773501455054       
4.176847178582324        2.154982052539852        0.3732985058292759       
4.267142281290553        2.305202085829297        0.3064323722269324       
4.269264707406015        2.454441279985808        0.184646979637213        
4.366617998747679        2.435702619987262        0.2184205280813828       
4.396107801975996        2.382065530879825        0.3970963575363967       
4.300113183114761        2.551279406964795        0.2101155649194686       
4.251218469789944        2.6319463372411          0.1097046657882511       
4.160324378394913        2.491799502301384        0.1359545895909869       
4.075044293815722        2.488694223771425        0                        
4.081854017382641        2.548690431339677        0.08208322175571992      
4.020820584206119        2.575378482832531        0                        
3.985740573098426        2.490748353582003        0                        
4.111628440030538        2.42727389668046         0.1012686523532086       
4.015689979905362        2.442178123169493        0.1020865203744709       
4.065470055540787        2.35837936462758         0.2055223280640822       
3.931928070705393        2.574862267238212        0                        
3.957316769634619        2.535674266298536        0.1019912151191954       
2.452040273141253        4.357464687050644        7.411587173289269        
1.257474224286652        4.839293189635722        6.576841876110469        
3.061616997868384E-16    5                        5.887896163521701        
2.215711703050038        4.144951344583806        7.12588796963709         
1.177009894025091        4.550236005897611        6.478335538261348        
2.877919977996279E-16    4.699999999999998        5.841187357707661        
4.34901537241624         2.155079736908866        0.4541406340466853       
4.43242265058826         2.313791141514752        0.5203786521270254       
4.490284454417778        2.19939662598951         0.5349316441100327       
4.420424692204787        1.995517176294183        0.522639643481424        
4.231106333492475        2.046396636695796        0.5313837271519317       
4.550550815073112        2.071831865629408        0.6231116742264309       
4.333268475735661        1.820105578584808        0.6287777651774212       
4.447325256981769        1.520295385315645        0.6981409244623127       
4.67172866280884         1.781839302824564        0.9490418499379821       
4.572360666284327        2.023244408719803        0.8051197268418347       
4.494323457875687        1.375156956855589        0.9727664115571022       
3.596920081417023        3.473062902957411        6.556616892893291        
4.424704717627789        2.328516300523229        6.609658795252842        
4.788710854523991        1.43814058831677         1.021183244704685        
4.592204241403687        1.00082975836752         1.083522419201666        
4.973584431342047        0.5132828179303726       0.9867171820696279       
4.671820281882447        0.5139034933795052       0.9860965066204951       
4.897875670908051        1.005392417082512        1.075344144588782        
4.639584238020642        0.751171151143608        1.445947495599717        
4.942749042237047        0.7544745890119521       1.427406368367869        
4.699999999999999        0                        1.500000000000001        
5                        0                        1.500000000000001        
4.830573595966865        1.290565276903014        5.932227560909334        
4.999999999999999        0                        5.352701470750058        
4.699999999999998        0                        5.333173600954761        
3.340181213767803        3.30653738209515         6.457544746167284        
4.522301097870693        1.280153420570178        6.052697940886727        
4.103088428375999        2.292305684006164        6.627067738677653        
4.051277768301187        2.66642160977085         0                        
4.105929926708328        2.684587941234739        0.0933413193281929       
4.082389476907818        2.757296042290446        0                        
4.16679047246977         2.763665636414945        0                        
4.021227811385678        2.641795621430818        0.08205310364249263      
3.964661080200957        2.660881824001065        0                        
3.995090523113695        2.74873945349393         0                        
4.190632042030973        2.727380261038661        0.1046295350138959       
4.139357556266289        2.80458892199573         0.07036144190079585      
4.110495551181966        2.846721908486724        0                        
4.144694974465907        2.216191230159766        0.5591437375524033       
4.190167545329703        2.586749256909348        0.1811481307473306       
4.088663740949555        2.608686638907927        0.1641664435114365       
4.163272414802942        2.487853401241054        0.2719091791819711       
4.227516530106963        2.363941034057668        0.4473402961838019       
4.096557061303879        2.303957517724952        0.3785506293329211       
4.326213600972744        2.506766019946506        0.3822522922057969       
4.363311549162932        2.441620839717209        0.5758444917077338       
4.258837720221501        2.619599448926979        0.335729881108634        
4.220010712264493        2.681699011517312        0.2263416719036759       
3.98632096606607         2.489828338561129        0.2289673661682406       
4.026431646491116        2.424427395517308        0.3337027934444675       
4.120822875414863        2.694955885773209        0.1952239395943312       
3.905635064838428        2.614577354048743        0.06781809727788246      
3.876340957091757        2.657814064213567        0                        
3.906850650513411        2.612760607974434        0.2118460412584505       
2.480861839348713        4.34112019345967         6.003783658447742        
3.321936360967904        3.736942441847254        5.342343626492641        
1.295688421637399        4.829201954157104        5.206780766649004        
3.061616997868384E-16    5                        4.524071198252575        
2.315178024505784        4.090226242501201        5.801175434076376        
1.252375425295958        4.530072382878089        5.07752887316647         
2.877919977996279E-16    4.699999999999999        4.463074174729748        
3.134303789804917        3.502304920079709        5.243547596020306        
4.45191733661546         2.276056244459417        0.7262124813952714       
4.21049907378684         2.088467751639983        0.766485514042502        
4.09405284243126         2.308404497348877        0.7157675552462284       
4.337255211919501        1.810584774783307        1.05962762530126         
4.680428370360085        1.758860503260118        1.214795512166168        
4.529940068555668        2.11651670801198         1.058612944568159        
4.486781559393843        1.399568232807301        1.527097371679554        
4.230802506160118        2.664640717595764        5.277317842804134        
4.853199518444717        1.202686340725613        4.54500847771944         
4.999999999999999        0                        3.830013654771983        
4.7                      0                        3.798978114039277        
4.798739081273768        1.404315929502974        1.609374320990429        
4.643134435732287        0.7289050773022638       2.103147399661387        
4.699999999999999        0                        2.483357587218213        
4.922923060619448        0.8745447611307551       3.166992992936914        
5                        0                        2.504641924961088        
4.943759527864041        0.7478246657161762       2.207493113642315        
4.534795249106051        1.235164786044834        4.492806256354803        
4.616405466336811        0.8824967820766296       3.116753984047645        
3.962867630281464        2.526990333354555        5.289080861705134        
4.023472633008739        2.773417573792629        0.08205310364249263      
4.025310227452248        2.838622387556156        0                        
3.938612580120762        2.832044350252515        0                        
4.021635038565233        2.708212760029105        0.1641062072849886       
3.907672431779882        2.743997156990474        0                        
3.937874721831748        2.732996588045427        0.0935364342319156       
3.87453095129748         2.822906735009654        0.0909479422700743       
3.84899856534866         2.826540876889204        0                        
3.819002531382231        2.739565149886571        0                        
3.87741708843464         2.91409204569692         0                        
3.852276810654754        2.692575602298223        0.1050197648213386       
3.75993844916339         2.820078267354699        0                        
3.788499620144444        2.781594979173891        0.09987289901087548      
3.966518228720123        2.920698100540552        0                        
4.052543166708563        2.928630259242801        0                        
3.960562282450518        2.864218490845418        0.08202298552926868      
4.084913831550185        2.883310421860605        0.1053566980185455       
4.139397656903619        2.804529735627852        0.2074456942008879       
3.86646647416403         2.988233137585023        0.05286909409328744      
3.904778198852973        3.001542347362913        0                        
3.813973275864122        2.993593103452472        0                        
3.787084721057341        2.905747361322327        0                        
3.829509018512619        2.897067593064315        0.09166076438977599      
3.73223958536719         2.856639227732151        0.07041666389922652      
3.699177101017588        2.8993183603485          0                        
3.992958240864199        3.009358782510473        0                        
3.918959672463941        2.982873171717575        0.1057381881865765       
4.021296274752087        2.971392984891933        0.0987582138409937       
3.963182482094775        3.048472504979682        0.06505347715005549      
3.931766042421467        3.088875970177724        0                        
4.03033904144189         2.417926221171617        0.5473527475965184       
4.331197933567447        2.498144203255905        0.7247114482916117       
4.08492847162044         2.610448829591449        0.286626242878304        
4.144298886748326        2.519303968723773        0.4352209104886973       
4.262166127005532        2.614180541930236        0.536739027532927        
4.185375665734056        2.735439733695701        0.3848165639112816       
3.953952721170446        2.540916739830101        0.390757616214214        
4.006584528437939        2.733044257941844        0.3013433065746368       
3.922966939688433        2.720190050234535        0.1934207256917597       
3.741832093372671        2.935273405733737        0.04618679325474107      
3.726376837288208        2.985398977057349        0                        
3.84338924501294         3.081407857228271        0                        
3.784487085727758        2.971228451118977        0.09237358650947769      
3.752976492715657        3.072832660048007        0                        
3.810444983990431        3.060481257479417        0.05647599943061965      
3.636747027505588        2.977250566233065        0                        
3.824298840811633        2.732167340439966        0.2227352440985286       
3.923734856563171        2.587335458612042        0.552887534249023        
3.873771399972258        2.661558780255843        0.3952409189483774       
3.673025761889317        2.932384993908099        0.1075742853212136       
1.289884886592062        4.519533789009618        0                        
1.107629176268934        4.56762056303693         0.3581405097323193       
1.37580671257764         4.806989010284745        0                        
0.758682594163036        4.638360393701495        0                        
0.8017381174157807       4.935301461052523        0                        
3.555829859327239        3.51512076770014         4.398016123747861        
0.597837934030689        4.661822583993724        0.6345735818446269       
2.87791997799628E-16     4.699999999999999        0                        
3.061616997868383E-16    5                        0                        
0.5476314151559564       4.969919499663378        0.5684098351371913       
2.877919977996279E-16    4.699999999999998        0.8828631742384427       
3.061616997868384E-16    5.000000000000001        0.9072434775347158       
3.395646628055641        3.249551350167335        4.416488656906604        
2.501615052634083        4.32919416617395         4.441905625346582        
1.229423203093932        4.84649549547859         3.87370784927191         
3.061616997868384E-16    5                        3.181723511621303        
2.87791997799628E-16     4.699999999999999        3.11895320711337         
1.197071024089912        4.544999555916846        3.785909391714052        
2.424354397455702        4.026475599769257        4.365094520722538        
3.049365334856757        3.962495558934286        3.593118890282267        
4.345590058504123        2.473023866328453        0.9366180075957559       
3.981878598908025        2.496926675647136        0.8161574906975216       
4.109686726664435        2.280455000362462        1.08224536625137         
4.260655801614765        1.984140151341745        1.427646467888475        
4.57861842172644         2.009042893575766        1.569578451419262        
4.40370790121587         2.367985794038663        1.239590426256314        
4.291268543317713        1.917032678159627        2.312872801402843        
4.381589551843039        2.408666228264081        3.73109712244664         
4.614023915451214        1.926339354227144        2.370951238605155        
4.089822894909818        2.315890474152755        3.702710950582468        
3.95460633618091         2.807738881150284        0.1640459710585401       
3.874736862833108        2.917273838455472        0.1464228992231004       
3.849517851822371        2.824720589447718        0.1845790716608159       
3.737357322747151        2.849940392728986        0.2086438254654915       
4.051587317006017        2.929955667356757        0.2196818037808262       
4.103939748279169        2.856165006174243        0.3990984341656389       
3.867913475265206        3.04812985491083         0.112951998861236        
3.905302708030695        3.122276534621512        0.1018674066962255       
3.868991840152952        3.167150314132535        0                        
3.755000895591396        2.948863798785482        0.1847471730189576       
3.965573020143159        3.045362149550143        0.2067499036006726       
4.229329528174356        2.666978016803379        0.7802486902295613       
3.804660902831245        3.244150306262886        0                        
3.779834530693464        3.158824953346135        0                        
3.838184304393848        3.20442525977822         0.09727787677244304      
3.774019869462579        3.279752128576436        0.06502283011052989      
3.713115659729238        3.235405305129805        0                        
3.738798499228934        3.31984443845676         0                        
4.157404465957099        2.777766748026185        0.5771113442446585       
3.990620919459275        2.734806899606905        0.4738592062392444       
3.943822285098126        2.820059197677518        0.3895109650213635       
3.717415125793208        3.055301541402218        0.08042526028621211      
3.662185783150778        3.062815877962453        0                        
3.77779971509353         3.129863400590222        0.08885156852932674      
3.687333100376136        3.149681032015432        0                        
3.730271060976019        3.21536442255181         0.1062571359239461       
3.622149233855586        3.109546838829069        0.06293517123388992      
3.597662504646217        3.139492123793998        0                        
3.572676769188156        3.053840022373484        0                        
3.772644468435639        3.047787204841981        0.1608505205724198       
3.607063597541474        3.013153199439278        0.09589477045656103      
3.542593445621205        3.088694170526062        0.06371214335137265      
3.506994866626054        3.12905186613485         0                        
3.848873989223627        2.697437490485703        0.7440785629550312       
3.782089957349374        2.790303846271407        0.3799152591497545       
3.832086965918782        2.721233081828048        0.5101781247778364       
3.639986228840586        2.97329787506245         0.2198336344486201       
1.493715764804498        4.45632283547484         0.2817980762206779       
1.664878641879641        4.395243505113505        0                        
1.779568971292767        4.672592288718448        0                        
1.104315629364511        4.876524068508354        0.5564934271172062       
1.571503119745024        4.746617526684835        0.4256878434800171       
1.39225541174428         4.489056122223108        0.5977452237338937       
1.107791867063091        4.567581108121549        0.7962860067899707       
1.708517985490466        4.378466203278906        0.5978028504500021       
3.645514930366334        3.422020001764476        3.232986095792731        
1.073679329632242        4.883360799400394        2.563931573507043        
3.061616997868383E-16    5                        1.95794638574649         
1.133198684017362        4.561344181547947        2.580948747822634        
2.87791997799628E-16     4.699999999999999        1.909022640180167        
0.8345133801970483       4.625320250347223        1.405486197244377        
0.8477808859525565       4.927602618861783        1.422573604417884        
3.19971297303667         3.442649690308444        3.30427020318537         
2.239731181548879        4.470302476835059        3.112904862826562        
3.070527912906188        3.946119402154979        2.856145192851395        
2.094331519924765        4.207585469678498        3.018987525774218        
1.813258178116308        4.336138233439327        2.297077192426715        
4.211160462326725        2.695575552741226        1.114165079484369        
3.889080816071814        2.639138193816723        1.054237166778929        
3.920318527199004        2.592508947969173        1.592732004150854        
3.701329646437177        2.896577091742122        2.464376947034221        
4.256432587790902        2.623505598543987        1.715753256952132        
4.056995852958424        2.922462086850426        2.510950861299169        
3.622146036581195        3.225622450383022        0                        
3.602129360570794        3.190950125039351        0.06293517123388881      
3.530735563546086        3.2149976037484          0                        
3.872056637231575        2.920455631214027        0.2928457984462052       
3.692717239012338        2.907548691372355        0.3332481329712328       
4.006755951715998        2.990970869699073        0.3770477714269155       
4.051269785924678        2.930394704072101        0.5129702775433814       
3.868117220741713        3.1682280799528          0.2251544735708166       
3.778884020917178        3.036364016126485        0.2939143409604672       
3.918245399813576        3.106018832338232        0.3302972155019618       
4.055278857652377        2.924844164511613        0.7978642058370161       
3.747895811276087        2.836067169130372        0.8522815127189748       
3.553865176750207        3.29888261856935         0                        
3.646955240433551        3.311646396900944        0                        
3.645553187782969        3.254791999352356        0.07885718832963018      
3.627342641928512        3.338562590681592        0.0764914255381427       
3.710446753133814        3.351504869779952        0.1029656887178071       
3.778248871558183        3.274879458021213        0.2119701408212132       
3.671429898118609        3.394201202602139        0                        
3.578642952380156        3.385429094941117        0                        
3.87563727855243         2.914112113704395        0.6852471278815125       
3.87363274268858         2.916887383484638        0.5428001637346946       
3.686522252489457        3.150976716527188        0.1474914417373629       
3.678119793697442        3.274529075798061        0.1848422587402399       
3.582112684560395        3.156277799695682        0.1258703424677743       
3.439729860380046        3.202851234882254        0                        
3.477703116631337        3.161578882864174        0.1042492431981867       
3.685711404602782        3.152272401038942        0.2949828834747298       
3.549114631464887        3.08119868439571         0.2111564315379355       
3.695995699452476        2.903380062897174        0.5726300499260067       
3.591154902158924        3.032096052024066        0.3843726809178599       
1.795709913049151        4.343434805332873        0.2536532598345875       
1.921533048712981        4.446526574721943        0                        
1.929748991061188        4.285565132066703        0                        
2.087961662493578        4.371658471142863        0                        
1.995567543009003        4.416261406271909        0.1764647628721733       
2.061741832456013        4.55513115628521         0                        
1.928682282274504        4.61304505224482         0.3155392385743638       
1.488858802836614        4.773185463106993        1.022603225671           
1.876520029284552        4.634508882254289        0.7099002639819307       
1.962383236328452        4.270720317906227        0.4733221552195888       
1.599582658200845        4.419427035214307        1.717257885429091        
1.550194149244226        4.436992010320615        1.086663581056466        
1.953775948824905        4.274664845551443        0.8042038398109413       
3.438347379135671        3.630119460898065        2.315055909520872        
1.822278985020728        4.656103446096513        1.842924626546687        
3.005574104099061        3.613381284167106        2.279788452702289        
2.725673088393852        4.191742622729301        2.277142945809229        
2.337139724800092        4.077717242129639        2.039002556939217        
2.018653502928899        4.244412566552984        0.2149860544965987       
2.11749109527693         4.19597637946923         0                        
2.164089039204379        4.336566206428845        0.1423265046039085       
2.176820838281601        4.50127215773752         0.2325368962691049       
2.248540547523827        4.29280374121526         0                        
2.25966585497435         4.460257237653996        0                        
3.602776411314414        3.018278007420196        0.7974745978007658       
3.484501846707738        3.154084158720302        1.769342535863666        
3.964434751268868        3.046843793654632        1.28926226581305         
3.629345876456406        2.986276696665746        1.174707624097304        
3.801770070578265        3.247544353885768        1.809791400622516        
3.507442444218101        3.252878973751509        0.09951771761520845      
3.461884360239696        3.287237979209135        0                        
3.40903655138839         3.235501474470063        0.09263290155331394      
3.370910510447833        3.27520337477092         0                        
3.756388788705918        3.066924841956991        0.4740091391814688       
3.921622675252903        3.101753631889913        0.5636455974450821       
3.822308177740673        3.223346117682179        0.3788093354115263       
3.823455580743792        3.221985012702441        0.885283584521378        
3.484922097278903        3.373477451435138        0                        
3.53718177180487         3.344179064638841        0.09478619203223126      
3.5779907158367          3.274178693574907        0.1577143766592637       
3.730347784116538        3.329340086193784        0.3296462442666381       
3.338290601640619        3.308446139654976        0.06291551092501513      
3.300568274186806        3.346075778562055        0                        
3.392867402836059        3.36072112967883         0                        
3.553856803617144        3.422182559288636        0.08042784540702064      
3.607730043423468        3.365478784462239        0.1529828510762865       
3.634142611983133        3.434094855383062        0.09424569121519011      
3.678278315042066        3.386778504285643        0.2111795101203406       
3.60258083218013         3.467189342821357        0                        
3.570531835429416        3.500186053938426        0.06606949878180668      
3.50888634623065         3.457279196690939        0                        
3.437736186722745        3.326312602146908        0.07885085147862236      
3.491332499207811        3.420216873867874        0.0555288227806161       
3.415452403884679        3.445798599918182        0                        
3.666272517542532        3.174133449131463        0.6731513114038723       
3.596446274699243        3.253796151469912        0.2999641848894297       
3.614901833561786        3.233413609364916        0.4422139931195956       
3.444696982356045        3.197508827157035        0.2109003495915251       
3.500035043352921        3.136838327887097        0.335599961232213        
3.506257454772624        3.129881572975469        0.5493964270708945       
2.069602037305027        4.385996237821875        0.352929525744351        
2.144103984719251        4.516947874694928        0.4784714027821657       
2.298559178698175        4.440340719136581        0.3947994749035516       
2.139555829136761        4.184770107665044        0.3788449813963107       
2.154346414123685        4.177175065514063        0.5686654314331874       
2.048742151007878        4.560992830369679        1.120607301149656        
2.160824472908156        4.508973009154212        0.7672808528503305       
2.165982857824233        4.17115310910683         1.245957650896966        
2.233173690068547        4.135569521841656        0.8034563218156504       
3.17304325241281         3.467246244257471        1.478218951572096        
3.204045622334307        3.838501224436481        1.632600622210769        
2.554384153903206        4.298269604653505        1.498264173479579        
2.761331108979966        3.803294690998775        1.448791211746856        
2.320072977697804        4.429137769155126        0.6061429270688312       
2.240216415915178        4.301473941714825        0.2846530092078192       
2.310546380621042        4.261390212886931        0.1123189958194726       
2.352074345934618        4.260447152114835        0                        
2.329453299547991        4.176727178706765        0                        
2.251136101263958        4.125818621423866        0                        
2.186909350241811        4.160219644901569        0.1836911662463053       
2.365287376590242        4.162320849564515        0.1269562952664616       
2.340877002693588        4.418177775764606        0.1904610370193266       
2.409162948066692        4.237056103101049        0.1058024260130419       
2.350000000000001        4.070319397786861        0                        
2.394624834786267        4.132917605658156        0.05747265321298212      
2.400000000000001        4.156921938165305        0                        
2.435835556840398        4.09536273192972         0                        
2.405459212243752        4.311449208433995        0.06703382968387128      
2.399124040953891        4.386820763643072        0                        
2.428916033641735        4.296135613939567        0                        
2.450000000000001        4.243524478543749        0                        
3.38162228424232         3.371086339158884        0.1094806516328323       
3.27066383226685         3.375315999473461        0.103273893967058        
3.425066073324043        3.21852798548725         0.8779507574265238       
3.584899076644722        3.485469639843649        1.197079927210713        
3.368308706100036        3.277879872785258        1.178951969412683        
3.459148044554343        3.319153762848192        0.1922615169087516       
3.348303976416691        3.298311762328141        0.2087244653907411       
3.729768623770648        3.329988890842732        0.5488280250069782       
3.625320271807264        3.44340716831793         0.7583517426966796       
3.520498366859531        3.389475510708331        0.1895723840644603       
3.626672530262955        3.441982910799543        0.3702855572223662       
3.320435563535068        3.431537099488813        0                        
3.228736385644382        3.415437984934065        0                        
3.497742901136718        3.466956296300611        0.1110576455612305       
3.577849387592362        3.492705793465141        0.1959253471039213       
3.438356515337922        3.528208139844522        0                        
3.501603957271344        3.569141314997441        0.1033671192905594       
3.532279894192033        3.538780077373269        0                        
3.424953966844019        3.433726538662793        0.1560457923406511       
3.383643627393643        3.474871436209304        0.07802289617032721      
3.342333287943264        3.516016333755811        0                        
3.515775379849316        3.337813251884202        0.5514493510805984       
3.468498761460613        3.364866924049528        0.332401356419213        
3.394732654528594        3.250506145860555        0.3779304519265592       
3.071477742599704        3.557530671226128        1.05956054619914         
3.292700507476021        3.35382220281087         0.3139452725481701       
3.244061297157971        3.400891985976876        0.842262888006996        
3.308909607875743        3.337831213064495        0.5439620946750923       
2.274619184412169        4.112919591470774        0.30416089076718         
2.433130804538147        4.368051566546296        0.3120654485241087       
2.319298646321351        4.087891117577858        0.1415935947134478       
2.37601004256164         4.055191275099885        0.2816375907212276       
2.409469118049454        4.035400670214296        0.08837390039510895      
2.435940647404207        4.01947515920078         0                        
2.274733983418959        4.283142101223713        0.4267511651357558       
2.425288354710197        4.372410822018798        0.4604939511380507       
2.25090878813975         4.125943483310846        0.4587028553679634       
2.336207854076287        4.078251201501971        0.6287328417600629       
2.456021939747918        4.35522172012825         0.9428360529332247       
3.247267492805779        3.802006553146229        1.0559508709446          
2.511313806823393        3.972820530008648        0.9075413250185665       
2.877236672820121        4.089194190617389        1.090923220100362        
2.836554931593204        3.747526667023768        0.9254360711950388       
2.974078080505246        3.639348783925255        0.8075014884288223       
2.534860173635099        4.309812513337284        0.6188473344214596       
2.372552213718256        4.229976684558599        0.2246379916389452       
2.428321013595827        4.110555860326407        0.1458191869350794       
2.47048524302435         4.347033777646422        0.1451150925107031       
2.535185881633016        4.309620928291563        0.2755503053955949       
2.47624183504229         4.090143139166639        0.07290959346753723      
2.524162656488755        4.069730418006872        0                        
2.476011122530583        4.219107191228673        0.06568949497809728      
2.50094261003611         4.25664237082764         0.1554713379893591       
2.479905834372671        4.160304074364074        0                        
2.563499736383548        4.292839282055814        0.08889773035457293      
2.500000000000001        4.330127018922193        0                        
2.52013610823653         4.238291281536037        0                        
3.288509017975755        3.462037084983369        0.1208304747211308       
3.192411506829283        3.44942151252409         0.08685924029104841      
3.237837319256393        3.406818089365879        0.2105102287937721       
3.353906891148735        3.502453880819059        0.6741825037436966       
3.398904174421719        3.66707654857362         0.804402912812302        
3.378931686382939        3.475823671897287        0.2831395611284804       
3.525293304926013        3.54574493079294         0.5535022750902957       
3.51956407104887         3.551431929487303        0.3133887195828455       
3.155448107257141        3.483259603473423        0                        
3.249895676705275        3.503592747259111        0                        
3.403979080478003        3.558949742745359        0.1208770873828835       
3.464059773115697        3.60559147551156         0.2131361929767134       
3.335803853989245        3.572387343504314        0.0691935277376049       
3.270327692049598        3.582582642065621        0                        
3.365253504293833        3.596016516515357        0                        
3.424189777034044        3.64347696175721         0.0903050372035491       
3.460556736394979        3.608945972114103        0                        
3.216941817419669        3.528556930938267        0.1009433587274733       
3.306354203684659        3.548758170493274        0.1383870554752059       
3.350310510314695        3.505780714031752        0.454982915052311        
3.099470455424215        3.533168959440294        0.7855743504623391       
3.127529431154674        3.508355691383261        0.06349966197973955      
3.167703119020335        3.472125710533654        0.3634738157055145       
3.160464044907721        3.478716289214389        0.5794534685003611       
2.54307216026358         4.304972007771052        0.4118474877764838       
2.447386821802052        4.182066253441752        0.345623010417605        
2.37127519399998         4.057961798036096        0.4240519537444803       
2.537343380870299        4.133220603074958        0.1500447791567106       
2.48407764852751         3.989907046045814        0.101465878154175        
2.520781210053879        3.966815792736643        0                        
2.507760951033167        4.063397171554072        0.2482079883111471       
2.478178521196031        3.993573740033186        0.3463711974655881       
2.436824013037034        4.018941244841244        0.2033399930635144       
2.518330669479096        4.148892750305331        0.4773602748488182       
2.507472404121647        3.975246173832308        0.5591980060781093       
2.769551688989737        4.162881627192166        0.7413489026575965       
2.67664170801401         3.863365005655024        0.6519521591039057       
3.101336713292344        3.921952395272671        0.7734278291762386       
3.002148131109086        3.616228228261902        0.59966634362282         
2.888989210653178        3.89265870046385         0.7126899941400705       
2.857593098035987        3.731509304029281        0.6325694888740474       
2.701145876952749        4.207589684299214        0.5070091482458261       
2.604484396700694        3.91236658336469         0                        
2.563687642034972        3.939226532465119        0.08642678594043829      
2.605913993163997        4.002205036149144        0                        
2.521473416333093        4.186509049922819        0.2618791468533727       
2.643891143518361        4.243800139170691        0.3101273083576328       
2.590609113213089        4.276534160104102        0.19862368015924         
2.572007593183023        4.042426619249281        0.08066685931460371      
2.627002546634587        4.164988959709191        0.1377667188831155       
2.560427968467355        4.155173250902812        0.07502238957835639      
2.623107712214915        4.082624725482262        0                        
2.583512556064411        4.177125898730671        0                        
2.637323592074088        4.247884681896323        0.0936789135577093       
2.566722140387106        4.23248667784744         0.05313259203112042      
2.586385707965593        4.279088120619984        0                        
3.14548973679324         3.492262062865328        0.1855539428472042       
3.281942608952414        3.573865807382317        0.2649771212952334       
3.301139081109898        3.75532698538608         0.5534331953960642       
3.391711412753647        3.673730214999009        0.3660037354295248       
3.167406656539629        3.567947595902805        0                        
3.080736701461661        3.549510243766601        0                        
3.208929267444569        3.586558735978059        0.0438769672115541       
3.147530842839537        3.5905348298905          0.0877539344231093       
3.373047119831765        3.690874303927815        0.1900744061952947       
3.197725877434189        3.646544596594868        0                        
3.277316950404283        3.662946454312327        0.1027387200000429       
3.292182472761112        3.66250414346672         0                        
3.359118310222527        3.703555612911429        0.07178033293659902      
3.387441011260076        3.677659604371701        0                        
3.196843283767216        3.619049649593849        0.3339227710990511       
3.221233503692491        3.646219408689781        0.1826627514854656       
3.124353244986431        3.709420166722937        0.4865708600172025       
3.054211031040906        3.572365459729456        0.1065285249734971       
3.070049985072758        3.55876285935924         0.2437648155696659       
3.016227365673064        3.60449337335567         0.373812314905852        
2.90579567247438         3.694096846298045        0.427195822178324        
2.624911403476081        4.077604556817067        0.3451513334040851       
2.605931663433799        3.911408974463441        0.3801753584505441       
2.618267015536187        4.048608029006877        0.1715941214188693       
2.55217772448785         3.946693408744593        0.2158353026282511       
2.66145086350932         3.873845544304198        0.2701955940119261       
2.760426057029771        3.986913410910173        0.4442531867188876       
2.762713957756304        3.80229030817197         0.4075995550789385       
2.910358061550061        3.878257346827474        0.4677634185827778       
2.91492045062574         4.062417847356896        0.5083310149872344       
3.122080699417533        3.90545926957695         0.4838802844942131       
2.654597519523791        3.981817028588817        0.08066685931460649      
2.652342032479442        3.880087852451645        0.1227883299666488       
2.687012916096326        3.856152816055155        0                        
2.689342509170286        3.94851123668594         0                        
2.784460320610025        4.152924357961305        0.3514711683419963       
2.692831370181084        4.043594289275986        0                        
2.711063329178968        4.201206448769335        0.1887528106197878       
2.687527335266735        4.083552232238791        0.1068321346301715       
2.714380804680903        4.199063806038181        0.06564445340364655      
2.679035049013601        4.13613859250841         0                        
2.671729226293682        4.226325064113709        0                        
3.136420572968345        3.63864371192574         0.2018089874993445       
3.066707369453672        3.658860408979032        0.1211141938293059       
2.974256975950819        3.639202583122831        0.07937140066556325      
3.004635430694519        3.614159515400071        0                        
3.29360059363525         3.761940341048158        0.2486638604110958       
3.24655835886378         3.802612105183977        0.3734753764115895       
3.098226182692211        3.648080938990408        0                        
3.167532254524396        3.672713968397741        0.1120082068664785       
3.110374078893324        3.687286128353555        0.06055709691465294      
3.154040788332981        3.715711847728076        0                        
3.180307761409115        3.760169555744104        0.1651296117613243       
3.201409907862811        3.745949135975707        0.08256480588065995      
3.280853478007884        3.77306247706602         0.1174878887594605       
3.222512054316508        3.73172871620731         0                        
3.312962371258436        3.744893551473909        0                        
3.104655316983451        3.726059258223069        0.296031665781013        
3.007506689266756        3.802158302525271        0.3818975421818954       
2.97684219828436         3.637088193392283        0.1998650444899458       
2.877525988002398        3.716159871207215        0.2637778378430733       
2.753409023654046        3.899977597540309        0.09414406615877779      
2.735723588069524        3.821755676345624        0.08145599768737966      
2.696019621519866        4.030965871969166        0.2136642692603435       
2.763956320257387        3.892383337515075        0.1592896581292014       
2.756818181276199        3.806567156295156        0.2117471816282307       
2.792347285128363        3.963254364947331        0.2442981569248437       
2.814135485776482        3.764391247956774        0.1099399933995543       
2.879255399112957        3.807129002302227        0.1984448322050203       
2.904795007449677        3.694883755234449        0.1028406560205525       
2.88867494873686         3.895542857925494        0.2749320445893444       
2.906248401534497        4.068626331893626        0.2973031272344817       
3.020531716197514        3.984518559555834        0.338116907550462        
3.134717873861192        3.895323330776942        0.3182063973152582       
2.76832947699245         3.798199775778275        0                        
2.76839231762855         3.889974377083889        0                        
3.008356125438951        3.703039558220727        0                        
2.927177557392295        3.677177027960308        0                        
2.931388418462513        3.768917412560471        0                        
2.848396788140741        3.738532747504287        0                        
2.848492549905253        3.831335797503291        0                        
2.77109445923857         3.978199518734998        0.1068321346301715       
2.766839237848391        3.98601699465802         0                        
2.731962914709829        4.01089690400549         0.05341606731508797      
2.839861518551885        4.115238335193744        0.2114932358924398       
2.781207768397754        4.063257820002366        0.1025946578358561       
2.762377101913995        4.082222385757955        0                        
2.791321077556939        4.148316121269733        0.09835718104154456      
2.755997171526155        4.171860583006585        0                        
2.999615643323712        3.760518153140101        0.07969575925188266      
3.079203707866434        3.745355358228608        0.1356998626851202       
3.09080531597536         3.833584499553784        0.2559870233839945       
3.193083268293839        3.847625143090467        0.2182510166561658       
3.080895471517176        3.744858055039779        0                        
3.13157326004862         3.789113641725849        0.08905035346268186      
3.158528996907002        3.784033455821017        0                        
3.19737758407384         3.844057307697446        0.08436809783529009      
3.237150468861166        3.810620390748569        0                        
2.990875161208474        3.817996748059476        0.1593915185037625       
2.824688563926036        3.894036255240562        0.06655591328348476      
2.906186614343015        3.833507772978855        0.06655591328348476      
2.864658942011574        4.004596854940684        0.1484412997570927       
2.880984810223522        3.898098133397237        0.1331118265669673       
2.978970062595395        3.919603937140868        0.1745271037769713       
2.958223424784582        4.03099419114637         0.1900504648840179       
3.076955314967267        3.941109740884499        0.2159423809869737       
2.846169296957274        3.92543316550083         0                        
3.007331428218384        3.80596762277678         0                        
2.929563017794247        3.867680737302007        0                        
2.855414119484424        3.965015010220756        0.07422064987854582      
2.842848120732246        4.021827733670991        0                        
2.885671021011334        4.083246595357107        0.1010047008548731       
2.839156160204889        4.115717410901826        0                        
3.06173661223443         3.832278147475991        0.09553590104470433      
3.123857581145149        3.904038141811883        0.111376042837526        
3.081160302731767        3.842013697469536        0                        
3.160034956539378        3.874812699523525        0                        
2.942894796084374        3.900704150799123        0.06655591328348531      
2.960899841715476        4.029028682862567        0.07056489119103171      
3.033745745831115        3.974466850994183        0.102318443687045        
2.925077254916713        3.963910185848045        0                        
3.004804781945221        3.903310168201009        0                        
2.921172808871767        4.057918281402647        0                        
3.08164555233748         3.937443084633891        0                        
3.002013734068669        3.998485928112262        0                        
