4.318589725660532        3.832788456780666        0                        
4.232004342987375        3.818393702236187        0                        
4.297518076538697        3.74450450597096         0                        
4.275156513709761        3.853105451354365        0.04850009396871636      
4.829980960494507        3.130488994341393        0.04266419718541415      
4.7736309320709          3.114869596093462        0                        
4.808595660404974        3.191313516838521        0                        
4.864101014797701        3.109934461961883        0                        
4.82687659432402         3.031703682660706        0                        
4.907651653499826        3.188193993970746        0                        
4.75468936575261         3.277413116514211        0                        
4.777229667488512        3.24377992828822         0.07035723880825408      
4.718953284123486        3.197101111268431        0                        
4.843960798446699        3.272610189355341        0                        
5.593097702168416        1.783063068406055        0.06740456915084959      
5.587005339369094        1.740339564736787        0                        
5.554915773733021        1.832366270673358        0                        
5.642481516023333        1.812959709725135        0                        
5.706515884342723        1.63346012258108         0                        
5.656225777162115        1.568305889284177        0                        
5.706810839139202        1.60538941499737         0.08413080386830142      
5.618053647927978        1.65307707452334         0                        
5.730179167821748        1.561988489871257        0                        
5.783525367676595        1.597130126468039        0                        
5.706013624189755        1.5                      0                        
5.60255222906838         1.499999999999999        0                        
5.719247172701033        1.526865531327857        0.06789457810498169      
5.809475019311126        1.499999999999999        0                        
5.653040425927484        1.449446202051164        0.05055379794883602      
5.731683506262866        1.44834164765834         0.05165835234166027      
5.002323423967629        3.210635470346336        0.04266419718541082      
5.004735922764509        3.174068261780385        0                        
4.949021437995088        3.260016838000532        0                        
5.047998405033735        3.243095648194108        0                        
5.101629625684033        3.1580583343095          0                        
5.288237562587526        2.71275740661217         0.04624004485658807      
5.255957404685173        2.737729005153732        0                        
5.301338500215934        2.648118038867104        0                        
5.208179759839147        2.663457787110028        0                        
5.34801431480855         2.720058614528186        0                        
5.301688758122473        2.809286337106073        0                        
5.4682824338273          1.85444187631479         0                        
5.50051266077852         1.873440276157119        0.04972167300252518      
5.501119266576567        1.762261474590515        0                        
5.521302514590825        1.9258457105996          0                        
5.609910514155149        1.907809562777499        0                        
5.434877862906636        1.946767093482984        0                        
5.467563745111645        2.28244960293066         0                        
5.428943083354932        2.375807616320966        0                        
5.415607794148057        2.309342898867209        0.06648627880476878      
5.518182810166777        2.35576699074764         0                        
5.378207208592535        2.300043017179565        0                        
5.417083596336826        2.209281297370612        0                        
5.32854798330218         2.22779688821825         0                        
5.365410244121684        2.23533753481585         0.06648627880476433      
5.36611658427084         2.134653043240897        0                        
5.277236069778406        2.154246843755319        0                        
5.595100418365281        1.947976581825563        0.07766229017448724      
5.577536722917972        2.002153912774136        0                        
5.663569288275879        1.980895975514142        0                        
5.647101064975098        2.027375042254664        0.06615009945319439      
5.629584571415826        2.075514604588875        0                        
5.511514102782093        1.958811718717979        0.06726960059425525      
5.53859007193029         2.051620115693455        0.07579048311681437      
5.543080862044189        2.096338153248793        0                        
5.489360524267547        2.022246006729679        0                        
5.454482021233237        2.116352513874353        0                        
5.506587931540298        2.189637058655944        0                        
5.454430218240739        2.216257620034698        0.06648627880476711      
5.55688157131622         2.262976639069997        0                        
5.542813518495486        2.297219688924785        0.06507508859111721      
5.525358847483569        2.138538623076288        0.1037286364264206       
5.594019044234131        2.169550432796781        0                        
5.615916322327534        2.112222493160977        0.09392931855118358      
5.576627270311799        2.213871786715474        0.08224955703617975      
5.39850013411796         2.153764253888737        0.07939142863288341      
5.36499321953957         2.085005851991473        0.0721956989662398       
5.313763565361092        2.062500423219826        0                        
5.402491651782219        2.040632324726361        0                        
5.33148630496118         2.016247450094204        0.06499996929959173      
5.348695601280656        1.970134761445175        0                        
5.287776453950189        2.318635422765173        0                        
5.338238428637561        2.39321163385589         0                        
5.315866118792761        2.280552525981949        0.06217652903384831      
5.239123220480987        2.245346099147727        0                        
5.225117007374816        2.277751579791447        0.06279250383568025      
5.199437340053413        2.335771170357226        0                        
5.299995082026431        2.097630122422835        0.09096953359505888      
5.259530162035199        2.197121406441159        0.08082442477376439      
4.530607708012463        3.695906862914164        0                        
4.46838033393009         3.773967135324257        0                        
4.447042549420298        3.681430584389009        0                        
4.518949399751549        3.757576069703886        0.06030699751357561      
4.55246992587599         3.792693968997779        0                        
4.616013298114408        3.716404273413165        0                        
4.523450507672002        3.855538317887764        0.05072256329703984      
4.488121394009893        3.870547874584976        0                        
4.56927311071883         3.88866383329146         0                        
4.251487553759526        3.905876637824907        0                        
4.336723522155642        3.925091787928773        0                        
4.35397744019797         4.019585369333157        0                        
4.379489082116148        3.976600401177821        0.0843610131610706       
4.267990961998286        3.999052606653986        0                        
4.421080493242196        3.945868227189036        0                        
4.436414416024891        4.039582057081756        0                        
4.211314696937502        4.004447615347897        0.05506449964604477      
4.184368507916484        3.979951915049437        0                        
4.199977680217247        4.071934322011911        0                        
4.113752341991476        4.051434996030831        0                        
4.285088477004439        4.093251148516886        0                        
4.035048250109625        4.180144590711239        0.06026336491223307      
4.057272007447884        4.213692992206469        0                        
4.044280991172772        4.124979909726046        0                        
3.968327978712591        4.191741634324782        0                        
3.957443890326996        4.102267998461956        0                        
4.129173881502787        4.14515434611466         0                        
3.980730017397429        4.284675678794242        0                        
4.368106338774679        4.113349627840953        0                        
4.298570831890736        4.185961314178976        0                        
4.32960071835821         4.153860568145261        0.07767769488062792      
4.083585996188527        4.239906644110619        0.07621723216956923      
4.144411643623412        4.235201178105185        0                        
4.072758735183276        4.305902777879212        0                        
4.155899134168408        4.327638922477064        0                        
4.227828279698011        4.257397560282056        0                        
4.17154181121504         4.20726243281671         0.08138453373305211      
4.215285235254961        4.1656707776337          0                        
4.267225718321132        4.217912359082238        0.09861582870098473      
4.187051030595619        4.297511334154706        0.09850881989393268      
4.120297032515158        4.361553893264049        0.06674924853616926      
4.082803847273826        4.396665957090875        0                        
4.000095217313126        4.375047877471067        0                        
4.052036155612343        4.425042710936284        0.0983853620193198       
4.00856287098617         4.464459220450363        0                        
5.418883630173771        1.996093631990171        0.1065672127152556       
5.448672258494422        1.912179617624755        0.1112329554011793       
5.382022661766104        1.877177920317522        0                        
5.363676835692203        1.928981804543232        0.08792670961384641      
5.413735231046454        1.783657961723021        0                        
5.479722806966214        1.821034841714636        0.09944334600505091      
5.50310841616649         1.752386899802163        0.09856122880723352      
5.443823793350714        1.689602947547831        0                        
5.530567086837626        1.672291597023799        0                        
5.39815311323788         1.830284941215488        0.08166460790707708      
5.425777932635784        1.746692252723002        0.06434749082159297      
5.075725407304606        3.048881245394722        0.04437591125201702      
5.110609186692278        3.001498372267866        0                        
5.058279418820052        3.087160825237236        0                        
5.15382930186728         3.072134857341279        0                        
5.013900917914368        3.014717819248652        0                        
5.065600665874533        2.926669284326771        0                        
5.102671132374239        2.972890435602608        0.08356473848884273      
5.160038088841828        2.913573191567814        0                        
5.204582379938156        2.985349086251343        0                        
5.253979669771641        2.573972188937081        0                        
5.160868686244354        2.589846765933467        0                        
5.240900537458972        2.608838625253383        0.08003945699015304      
5.206441794655047        2.500574023117951        0                        
5.114743035284849        2.840424148516241        0                        
5.151752505106487        2.850126725966994        0.07273917904079054      
5.208553130768382        2.826100138047475        0                        
5.161874481786818        2.75246999350569         0                        
5.253873806251343        2.897724890001585        0                        
5.319881617884753        2.58753751230302         0.07801416638851812      
5.345737614421751        2.558182245998083        0                        
5.392838484324737        2.630067271076451        0                        
5.296540042182754        2.484387357064018        0                        
5.388027322340015        2.467121651259113        0                        
5.363226028946793        2.497039318499024        0.07801416638851923      
5.436149280702315        2.539337854277817        0                        
5.275637848185242        2.371260062940115        0.06217652903385108      
5.248091442087145        2.409211962134583        0                        
5.301110166561837        2.442507973712788        0.05001131456802144      
5.374608336146248        2.404165112928799        0.08734466838480227      
5.477934717972567        2.44789591165923         0                        
5.455542370411448        2.310239720522332        0.1154944145446513       
5.50881223588171         2.377601259631219        0.09801627147976777      
5.303184254283342        2.333308163745646        0.1243530580677011       
5.251651686858492        2.489523497416942        0.08138835235225518      
5.158191269220938        2.42549535279382         0                        
5.190408770051759        2.355770956559611        0.0954298299019124       
4.878674293825809        2.947628325989711        0                        
4.918334817710574        3.025211740382752        0                        
4.856923506277954        2.983336061218156        0.08100604593145211      
4.969566924146301        2.939691549758578        0                        
5.115791478766107        2.677804727079907        0                        
5.161919457033193        2.630139738203747        0.08206474759178796      
5.071069919242334        2.602734232988302        0                        
5.115397848708826        2.514491941867512        0                        
5.186454941662037        2.539524001078099        0.1336345175076848       
5.138926590626369        2.466056263785           0.1041824303619515       
5.095378103699884        2.554823277711348        0.07164940547040033      
5.021886500786242        2.853710229689344        0                        
5.026265332083828        2.916397744966325        0.07295073540305731      
4.929008053519234        2.862668481100025        0                        
4.901350053516896        2.909771065374374        0.1007355064416432       
5.069286384756181        2.765232045552236        0                        
4.977861896347257        2.776849103011195        0                        
5.06276791076957         2.811226016800939        0.07655090812177247      
5.112281025310374        2.732749104508688        0.07814574712541379      
5.025220321546726        2.690195521566197        0                        
5.049638449723563        2.644078578082239        0.09661310670252166      
5.007120936463689        2.72373639099436         0.0785141156448016       
4.960618020681546        2.807537863126603        0.1270450255384364       
4.394828606052052        4.084786594600331        0.1103960811393012       
4.251361038124774        4.12576439007284         0.09910221235255091      
4.311493073997268        4.050291861841746        0.08436101316107171      
4.09718424691004         3.962710243155964        0                        
4.154638431876714        4.009842624041804        0.1101289992920851       
4.02791839621411         4.03309422241207         0                        
4.066404269353672        4.101134380925051        0.08117894446613484      
4.064482035716725        3.996246461535628        0.09325642886173935      
3.995263710810131        4.065448054161269        0.06411145402582197      
4.204987042914317        3.929739004506148        0.06107505282126836      
4.165219939397458        3.891136447934694        0                        
4.198659388891134        3.855030393664403        0.06708560599649083      
4.136155505862083        3.922017036083189        0.09973126875970018      
4.890724285838883        3.243631324775333        0.05199284304327923      
4.891728137327788        3.343457555202919        0                        
4.963927588360998        3.050460779386756        0.07357283299462226      
4.959827265987538        3.098676477143953        0                        
4.956648442901526        3.178175292498568        0.08532839437082497      
4.886330988918119        3.14610839258932         0.08532839437082386      
4.871627247598036        3.06472222690374         0.08316722015113688      
4.804504680601442        3.067040067243795        0.1167876869704237       
4.746031595008573        3.156767983108732        0.08228753118470822      
4.318308684432147        3.887817200472546        0.09700018793743161      
4.401749298820553        3.849620591913635        0                        
4.382104550830353        3.817107912374735        0.08224238921757         
4.383541469981421        3.757231781624006        0                        
4.259473712065685        3.787728038840878        0.1009145082151808       
4.434919241199112        3.727692448566545        0.08993921061092648      
4.36174226135592         3.669491698013945        0                        
4.510564464637005        3.605262791316154        0                        
4.489562690569804        3.659923844433757        0.0603239319852933       
4.424658018743552        3.593378117240088        0                        
4.332527811405939        3.703944217100746        0.1062364475556676       
4.392210577773053        3.632972094649022        0.07843329462777493      
4.59747612537663         3.619854821959355        0                        
4.55897339850187         3.587923367901082        0.0630440675120192       
4.57269949928809         3.523796562808096        0                        
4.486246470006093        3.516186602524322        0                        
4.627690666151127        3.513273673650804        0.06576420303874954      
4.659630274912375        3.535894081514532        0                        
4.631972222172195        3.442764957154139        0                        
4.720525904562144        3.449629514079229        0                        
4.546488736448048        3.437939992741589        0                        
4.575715794203435        3.398944684851052        0.07001682430759493      
4.605365939373916        3.358661126766823        0                        
4.452513462984188        3.558809332058202        0.1110234495230161       
4.520609153927505        3.471900470553102        0.1031734188833794       
4.867417193525316        3.35822976410211         0.05199284304328034      
4.7978269530345          3.370234338015604        0                        
4.861037468872698        3.417390872624303        0                        
4.936501544913259        3.410416310864917        0                        
4.741578666374867        3.487691003117947        0.06576420303874732      
4.742207540576958        3.555783135900812        0                        
4.800475499735569        3.472631221742378        0                        
4.819459430260582        3.57390601610135         0                        
4.847238371907699        3.53613916099262         0.07394431428240422      
4.878666012733717        3.492651921727327        0                        
4.662859627538814        3.278373273166068        0                        
4.69097897541028         3.238011156907695        0.1107721664913691       
4.694291464827419        3.36323301151819         0                        
4.629794413168369        3.324906568882042        0.1044331699932549       
4.656238123091264        3.413828676687775        0.117980788035379        
4.768456495210677        3.323403108802698        0.08433421255885255      
4.751374764615444        3.409511307585204        0.084334212558852        
4.873796918177935        3.299068655579919        0.1039856860865579       
4.992950693561705        3.327222930033213        0                        
4.799769969224411        3.210146740062224        0.1407144776165048       
5.018681064708868        3.288288364899381        0.08276370425214952      
4.901834577035048        3.460060372216592        0.1079910804027207       
4.963847615551332        3.370492078255837        0.1097466676552555       
5.660270254803876        1.753888132759158        0.0601136497633903       
5.670945376365207        1.719659072365525        0                        
5.726761354066446        1.790017649948413        0                        
5.739050021791162        1.750229941287393        0.06697394234128518      
5.755951234514651        1.693811621049529        0                        
5.695964460573136        1.885721379368636        0                        
5.678686733948467        1.93714144493315         0.08805497975471532      
5.713543879353513        1.831779555159957        0.08827554373649515      
5.623605780325077        1.863578492933119        0.1114073724625009       
5.5930637242183          1.767103342738482        0.1330858375573413       
5.573259530725231        1.655193873817751        0.08315871317648883      
5.563760852618152        1.580697312504796        0                        
5.472278832907895        1.595040939678104        0                        
5.499090833947008        1.499999999999999        0                        
5.578027078689863        1.47941628309305         0.09668711114812269      
5.477013600815718        1.57870897143192         0.09232198479634024      
5.452046874513369        1.662884505342744        0.09933222942291764      
5.497246181602692        1.506746302087588        0.1366195470014503       
5.52155795710957         1.415061389854663        0.08493861014533671      
5.634496200270155        1.543771176331433        0.1084356121509056       
5.589862005048484        1.445993446959713        0.1583397425346334       
5.677500998201998        1.694163045949546        0.116645684347132        
5.629239287336581        1.644280185908242        0.1643852702809312       
5.764145153241755        1.665722261470854        0.09970547242216354      
5.787521570034524        1.582590937793187        0.09491294934178995      
5.70527773453653         1.565021918023482        0.1593068795895769       
5.694924779625131        1.46263357586155         0.1416996136327942       
5.806473185792431        1.511578361406876        0.1377601918910354       
5.830776379339378        1.41493735331369         0.08506264668630942      
5.687492977612295        1.36071191510375         0.1392880848962502       
5.458671126917066        2.490564098384533        0.10418560863871         
5.416861289717739        2.580235215626181        0.07430432492971872      
4.963621013873706        3.235285344058069        0.1267102464968961       
5.040841627916936        3.096264118521584        0.08875182250403237      
5.077902800026441        3.196076212089385        0.1213241580987545       
5.134864709619064        3.103733947023926        0.07654350726277293      
5.228460810366502        2.70545619869615         0.09248008971317169      
5.190106657736494        2.777791462331572        0.08260963437698111      
5.374393075024359        2.667564258856798        0.1131935947175466       
5.179076932664652        3.029383126238887        0.09417874157462369      
5.232936287095601        2.935366725845018        0.1080111457233535       
5.280546982114878        2.848828455642327        0.07188319484602912      
5.323966922650516        2.766835052279625        0.1016353140564868       
5.534099281816397        2.006902078138118        0.1515809662336249       
5.533667681296643        1.895377430706275        0.1345392011885094       
5.325576581632263        2.184313248096232        0.1294221387598138       
5.402272504941185        2.242878181413449        0.1329725576095331       
5.648596655729815        2.023204344814914        0.1618641456018505       
5.474090424655339        2.063205459437107        0.1252077158166626       
5.481418605693472        2.182395468816301        0.1714150317754659       
5.5566844608507          2.054992437558258        0.2358923318729945       
5.547275051234593        2.286425049274575        0.1640868406365886       
5.600949332841145        2.151596284377328        0.202706261368964        
5.379916671899091        2.098247210406861        0.1587828572657624       
5.332264526983145        2.014188425713245        0.1564861130821404       
5.231760172420433        2.262451214562495        0.1613614477505998       
5.285742919142839        2.133288961376618        0.1923579987148621       
4.532082831719306        3.638417104478506        0.1206478639705883       
4.648798926543593        3.604948120231554        0.05575301830668068      
4.680496580222969        3.636803419848376        0                        
4.792861123054376        3.609498892521501        0.09692393820267875      
4.758898959518759        3.654156081909671        0                        
4.630301694863475        3.681932525169876        0.08096785036600164      
4.697002489237766        3.733380289294902        0                        
4.727885475557882        3.694198009041857        0.09122691307544728      
4.673388506957727        3.762903116349851        0.07487219855790428      
4.633787909582744        3.811556814380884        0                        
4.42855849337066         3.899506601830944        0.09290306987757514      
4.503475982811167        3.96467952215047         0                        
4.477627904625172        3.822412802484067        0.1014451265940797       
4.469611786574652        4.002820315391754        0.1132259074936631       
4.534507416113702        3.929152897662527        0.08311219786506063      
4.569518465573005        3.741185004083516        0.1206139950271546       
4.606954099426708        3.843952903688526        0.1205801260837153       
4.25451281803394         3.958526488570357        0.1117579866572938       
4.337897670990099        4.007332575166607        0.1687220263221401       
4.380667631679288        3.876984043125465        0.16448477843514         
4.467134415240447        3.774277730383161        0.2028902531881605       
4.008017985682144        4.312950775916403        0.06783191577058757      
3.896655263071959        4.258349860810816        0                        
3.905094045133501        4.357454767106653        0                        
3.82674993277463         4.325092919532604        0                        
3.913384124833811        4.2957548312183          0.07540046662894319      
3.948581008227818        4.393897908534575        0.06066025631691731      
3.861908365958572        4.368920429565347        0.06066025631691897      
3.821207572567174        4.42255720881945         0                        
3.92687647303949         4.436108771690362        0                        
3.885782232266026        4.170211184064565        0                        
3.92659474294156         4.131809981679179        0.1032004348622584       
3.79059611432851         4.350059472805752        0.06470380083973383      
3.758900055389209        4.371786138232633        0                        
3.738983471691837        4.302324234963732        0                        
3.81295492504853         4.236903391978843        0                        
3.844837322239409        4.207995480690881        0.0935430735452969       
3.777060284769147        4.268936121004811        0.07634005885475859      
4.173121357891342        4.09766821200042         0.1205267298244695       
4.088527547534568        4.077288852124057        0.1623578889322736       
3.930389038145286        4.229424577526314        0.1146034525432371       
4.101768521506661        4.168547547097697        0.1205267298244684       
4.015940754051162        4.250853674361744        0.1356638315411796       
4.009937245614477        4.153881583304718        0.1699264397906286       
4.19867197880667         4.179323687528238        0.1627690674661009       
4.323931343511168        4.15976174036467         0.181541244986041        
4.109899984929169        4.266120296014772        0.1524344643391429       
4.224222599722001        4.260979163056057        0.2050114051077351       
4.118031448351675        4.363693044931851        0.1843421988538174       
4.02407221747367         4.348426423278817        0.1675715660558541       
3.97184142501721         4.497163071817305        0.113233423588206        
3.933196657277339        4.530999268882403        0                        
3.866881089802233        4.500355581851468        0                        
4.015388650951915        4.458324122560692        0.208058792970488        
3.831765396020998        4.491366306798056        0.08645474700827217      
3.792446897150583        4.519662214401969        0                        
3.899821266493933        4.55975811742264         0.09098539064894884      
3.728168136181929        4.443057770090072        0                        
3.763709525548068        4.422974496173471        0.08192410336759327      
3.680415044940601        4.417762429670117        0.05277095177955161      
3.663889375213275        4.366453325778174        0                        
3.736776026514425        4.504271992026781        0.06121786474516112      
3.673407551538946        4.489177597774111        0                        
3.74538391684692         4.565486213963494        0.1224357294903206       
3.740620711962819        4.571167499072243        0                        
3.856725658119237        4.596266658713867        0                        
5.422342057921702        1.986288508226215        0.2127822577295824       
5.524098847840552        1.68427579331694         0.1828521735383376       
5.476000519891429        1.832069190421725        0.2259211837259157       
5.37812857975757         1.888314851817569        0.1862924338660893       
5.421862243946825        1.75880920160883         0.1657462363677714       
5.022460558671558        2.999527619981972        0.1463245835306415       
5.115989705179364        2.988128124760388        0.1843719859329485       
5.08296374002135         2.89310394017407         0.1459014708061118       
5.188201604233375        2.861023493105594        0.1267447519024684       
5.233983292697707        2.612991738371195        0.1630866046534196       
5.149172284822705        2.787271539398861        0.1520853618595636       
5.376372888198432        2.304047228543185        0.2297819403708934       
5.338424735553574        2.526956985738933        0.1560283327770362       
5.320273588937568        2.432522609536628        0.1746893367696001       
5.498267237137805        2.401886214835543        0.2387469393040215       
5.181876050958073        2.374481120688722        0.2451930649004869       
5.210769825446074        2.489646273425277        0.2066452953725617       
4.861043656667911        2.976617974811121        0.1871982682891088       
5.128270385386643        2.65407855490724         0.1870904442021071       
5.093573510371056        2.558419217885584        0.2129796145892926       
4.914045782800056        2.888278733873339        0.238719943923183        
5.061915092812087        2.788079976491998        0.1966358301277205       
5.022557478075582        2.695165371443289        0.2110942837507918       
4.965623044334081        2.798676076572336        0.2525090617488712       
4.421282523946259        4.056138661762859        0.2256860659869858       
4.257538082308352        4.011176339315804        0.2235159733145875       
4.093793640670448        3.966214016868756        0.2213458806421925       
4.003933737177795        4.056909492247695        0.2041890480400732       
4.19843351522368         3.855276386751867        0.199696346511653        
4.908560963038539        3.182282323216754        0.1706567887416455       
5.02340383701382         3.105367411805931        0.1775036450080658       
4.913954258807633        3.086203739524864        0.1471456659892456       
4.968904874001201        3.014658611522478        0.2336831319173771       
4.813060378101894        3.053596207219555        0.2368680648547006       
4.742401041327312        3.162219531154915        0.2188635255496546       
4.291723476783924        3.751147770859168        0.2157436493766107       
4.389364914860253        3.636409718966474        0.2056773860695665       
4.700121727710554        3.590041418503754        0.1115060366133614       
4.607382332366734        3.570583944486008        0.1260881350240428       
4.582723457696843        3.513886262730449        0.1831151155191846       
4.682681833014161        3.502750784493511        0.131528406077498        
4.574804074051093        3.400171713905861        0.2056288227977793       
4.48848370344307         3.513333750716827        0.2279525386192105       
4.814730998288221        3.4527661310419          0.1213063697000516       
4.843623169160656        3.541089464440299        0.1836518278026544       
4.713530693067461        3.462632577999488        0.2158626186363477       
4.662612672302441        3.278725829965765        0.2293457698326895       
4.782223624668744        3.369393101091181        0.1686684251177018       
4.843418460267005        3.280562165353145        0.3061960766909778       
4.903633037909167        3.325527121804492        0.2079713721731158       
5.012617245475635        3.297524579189708        0.2245258905128628       
4.924145385404211        3.428234563649694        0.2181578827490249       
5.737107778678001        1.756585988738486        0.1658195933063927       
5.695294158021602        1.88775646035314         0.2065862003725744       
5.576523461116324        1.766435528509518        0.2523644506658846       
5.564575444470693        1.542691242040391        0.1976507842344744       
5.467758795983909        1.610470039752553        0.2329293802837973       
5.513198914328559        1.447286333469086        0.2289841421159711       
5.551294339339266        1.293496114463853        0.2065038855361475       
5.628839128362497        1.593139093025763        0.3241936649516003       
5.658166052987398        1.476925504064759        0.2317408749239258       
5.7797153876012          1.610866238495892        0.2280876033223045       
5.678749123597457        1.405072965853793        0.3390215292156263       
5.822233083746831        1.449690283655048        0.2330532107817229       
5.858970902386162        1.293236596238872        0.2067634037611277       
5.704303193076003        1.240909639197946        0.2590903608020544       
5.423194537292739        2.566897156233221        0.2087340178677943       
5.076766091334486        3.052699248233838        0.2801679955456438       
5.082412949175893        3.188899279382966        0.2556302796120591       
5.143571063826224        3.08928417458957         0.1919136606196381       
5.248741860893852        2.74745461028227         0.1849601794263428       
5.354016800416563        2.708228960198377        0.2244420007711057       
5.20951885168717         2.97672862953881         0.2224193883352515       
5.283927270678408        2.842553886592307        0.2113713758706492       
5.512419588860259        1.958388590739189        0.269078402377021        
5.539970215164488        1.872088378741161        0.3656015114576284       
5.426337801289836        2.185713345647337        0.2659451152190723       
5.646710597962946        2.028462329660806        0.3518643708879543       
5.479988425489412        2.078017101430827        0.2689673093033235       
5.566932683436835        2.238137729918058        0.3395322317232785       
5.508420038258284        2.378509760777662        0.3960125407746651       
5.33293723571238         2.01240662887807         0.298958420863541        
5.260740163888257        2.194222624997964        0.3329297507492485       
4.553601198801606        3.671571417640856        0.241295727941181        
4.644590091612539        3.647460776926589        0.1619357007320044       
4.757097351505773        3.65650444937467         0.2032235374934188       
4.682317825969747        3.751786211473934        0.1853784834233552       
4.529412454606584        3.935025135377759        0.2326613560302354       
4.618718694160134        3.829809084564881        0.2546389172631541       
4.348284754697529        3.91059495222498         0.2681251927194107       
4.439031427086705        3.810013565134156        0.3127344121242338       
3.930112986595661        4.333159801625788        0.1508009332578903       
3.822292173267808        4.32833280737887         0.1294076016794688       
3.89706679914251         4.412747939598087        0.1213205126338391       
3.894393234990772        4.162175072153753        0.213772893478521        
3.923958490972968        4.437234674083743        0.2704003654177135       
3.768518995706924        4.474162854114311        0.1638482067351877       
3.714471359939957        4.323505813131953        0.1080142701010489       
3.779755703214995        4.26654975642072         0.1793114125437301       
3.63266195369927         4.392467089250163        0.1055419035591038       
4.146265035565438        4.123402101988929        0.2410534596489411       
4.034991988822525        4.235627864662053        0.2585909459832942       
3.951952529293368        4.107562684392259        0.3328396931127697       
4.270579362326757        4.21451680623874         0.2906821570955481       
4.352742583793015        4.129604339308417        0.3179459112797867       
4.172434383336739        4.311703992245915        0.3301006697377307       
4.071786595745619        4.406875754852444        0.2915364807268767       
3.976253273568246        4.493262723727359        0.3474514076235979       
3.943540944231361        4.318610729189031        0.3186462209241526       
3.904376037714574        4.555858618978451        0.2221545099112765       
3.8283133145309          4.619958567539912        0.12397299567107         
3.776415761589784        4.565115935736829        0.233998374795188        
3.662454519162936        4.511013860387078        0.1208984633095756       
3.573559750480202        4.440681767510435        0                        
3.613147526029238        4.607317865261308        0                        
3.692247084626601        4.629560631523991        0.1362550230600485       
3.764418706951144        4.672165960014003        0                        
5.40853495523802         1.799374790856107        0.3558771673207961       
5.071119233493077        2.916499217084712        0.3047057114792324       
5.177523252085742        2.879526551838511        0.2580385436749422       
5.231151903194552        2.612892449203668        0.2836108856601072       
5.164830080878262        2.74535610770742         0.290519366990375        
5.350473271455679        2.365216275672921        0.3265913231322538       
5.282613060265784        2.513236283065552        0.3091081603831747       
5.459094291933855        2.489636421603604        0.3390411244663322       
5.202679305773559        2.328546336510303        0.4144357069604854       
5.142031583238832        2.459575409897885        0.4094823028985584       
4.860166901694457        2.978049309140749        0.3230859834013522       
5.06045434423646         2.62331885783988         0.3705420564556811       
4.932719615298986        2.856269804630615        0.3869920346232114       
4.996237641476546        2.743648926137028        0.3331629964613286       
4.439378723319216        4.036324633988284        0.4131583433141267       
4.21428060706834         4.057016305229713        0.4006336526187382       
4.143917990017091        3.913814468266567        0.3213983495618539       
4.043565586329389        4.017409283238722        0.3704229084287386       
4.240468803756244        3.808992560293349        0.3683219062133852       
4.930846065721261        3.147550610165779        0.3205038735159494       
5.015233792174833        3.011537442454105        0.4585063043298255       
4.622571075389454        3.334941776549148        0.3261273772614826       
4.779279182266629        3.106201940948595        0.385377467419849        
4.692379229531968        3.235981638739158        0.3675868376342162       
4.542220036989411        3.443579117077449        0.3723225967027871       
4.348650399566817        3.685001994890553        0.3928074682182314       
4.445063763998395        3.568109882555247        0.3843752672132          
4.644837761466178        3.555872054907796        0.2630568121549937       
4.867910347673288        3.507627238891746        0.3060221465665747       
4.801191819489277        3.598410359098758        0.2981610856907807       
4.747203829474191        3.418560043737293        0.4010533834955172       
5.046574794669674        3.245317063370657        0.3971180411055392       
4.84158843614564         3.283303229277932        0.4754971305457701       
4.944435879206705        3.398904799551381        0.3935286278322958       
5.725882676103757        1.792837856442927        0.3653536308037147       
5.563239147054348        1.808687391779065        0.5136875046929069       
5.47796286912379         1.575411947555636        0.4202997265808939       
5.535265163448084        1.360455648052536        0.4449898476495245       
5.589003922674515        1.119390962253218        0.3806090377467816       
5.638116443085313        1.560080347362271        0.5755840902706456       
5.787242538651824        1.583610999841435        0.4301830305343318       
5.716622189646912        1.23882239953255         0.4168130065466225       
5.844240456619303        1.358253836811881        0.4530169753464541       
5.894728023594377        1.119009560005146        0.380990439994854        
5.401653443936861        2.611922677187257        0.3853108210739675       
5.156142395847169        3.068256116061272        0.3811656583526957       
5.319510126182863        2.775394029221432        0.3911157826833539       
5.246663920156833        2.910758957544325        0.3340260481454821       
5.506067970303684        1.968353228456445        0.4656530893295119       
5.665349778668082        1.975806641689797        0.5245105733640465       
5.608936867399428        2.130687029464319        0.4837238962679397       
5.466806798928135        2.472655136324738        0.5027486209467191       
5.441821645048874        2.170207019944797        0.4484189938535499       
5.371456673379117        2.326298075601699        0.5532990121337334       
5.546494477099435        2.288317944584069        0.5456793435603291       
5.330860903669214        2.017900400349594        0.4957051162089537       
5.247159576027899        2.226503173970051        0.4974247274971966       
4.558524512721865        3.665908561290998        0.4717437938518289       
4.712318303841993        3.714035029893459        0.3625990485523173       
4.5728047564581          3.884514983793236        0.4212636975033618       
4.310406500393607        3.935175574469859        0.4622545897145214       
4.428875871178859        3.821700848852992        0.4655592734655451       
3.815637765686859        4.36272974646382         0.2556464722479313       
3.828053709730113        4.223269443857628        0.3939380880259313       
3.870151559343757        4.422031622259253        0.3949440279513156       
3.876126089550287        4.579917743574398        0.3634649037040877       
3.748808780626889        4.484261377507399        0.3126439964167194       
3.670750321314102        4.360687110831551        0.2655399668212649       
3.54038544540508         4.467177061407334        0.1677012655179067       
4.017315801684479        4.25217459512572         0.4193459218815477       
3.96852891501464         4.091549614839433        0.5157077532191739       
4.284643224119586        4.200218142192869        0.4798689556756214       
4.082679074075585        4.396786505859175        0.5058521506503194       
3.927008151596068        4.536364951951953        0.4706444955248767       
3.89555613180144         4.361995305778859        0.5184565368545081       
3.784312527472641        4.656069017359346        0.3041485428551916       
3.620315955168831        4.595145192572208        0.2970741008980582       
3.696432060295927        4.726139018651102        0.1839794773597997       
3.556180854722298        4.639162695508072        0.1485370504490313       
3.446484562266827        4.540010018753217        0                        
3.492045754275765        4.683180198443938        0                        
3.632234624414907        4.775647990788233        0                        
5.633232542019297        0.8698801013832442       0.6301198986167558       
5.400203192804959        1.824227364233725        0.6688916167650272       
5.124367368515816        2.821879345490911        0.4413769018793451       
5.257253595219197        2.553914583123059        0.4792414369645199       
5.180920709901526        2.37656487344938         0.588126657403002        
5.101746798412711        2.542081746302752        0.5127514479766754       
5.108740177916919        3.14654950613166         0.597724275197879        
5.062666649823923        2.928866739694871        0.5548459751618857       
4.874325188502495        2.954818768846934        0.5358469503069574       
5.002070816874804        2.732999733437496        0.5487277556132031       
4.167114810897623        4.105779159106936        0.6163348715340523       
4.453037985557499        4.02125014133441         0.602253979503467        
4.144489781368873        3.913208971180683        0.5561504638597581       
4.284946985899617        3.758886713912749        0.5098548494277283       
4.923740585500751        3.157125582568073        0.5775949542285576       
4.626497311275099        3.32949284858284         0.496084620424464        
4.738740993084577        3.167701659004488        0.557465633259242        
4.514586600762037        3.479728125043661        0.5611635616497501       
4.404730721601729        3.617782092688545        0.5808885391513413       
4.727812652935135        3.445162303504559        0.6461447593742876       
4.826652840258548        3.56418607253102         0.4659058252172715       
4.96234167000167         3.37270887420854         0.589110306188515        
5.717943338870667        1.817999992702027        0.6714978420650153       
5.488990347518806        1.536549694883106        0.7209851500069597       
5.567339397166533        1.222592342834431        0.7255317835339964       
5.794545689982582        1.556676024966108        0.7383298512567654       
5.936671604172918        0.8694426359208978       0.6305573640791021       
5.87643958189735         1.211386742667298        0.7305931645707053       
5.385905424514749        2.644243324314654        0.5876140847449723       
5.25100811114534         2.902914710542811        0.5738450000168105       
5.616929605467388        2.109526441461203        0.7525306004083837       
5.490665107140651        2.419214062712959        0.7328076899789659       
5.268700029942179        2.175040228245738        0.7998870535974129       
5.978125399262224        0.5118765623790378       0.9881234376209622       
5.676938798118529        0.5122176225108039       0.9877823774891957       
5.918330362271247        0.9865929875172874       1.084017767730438        
5.9570621915944          0.7165263745854205       1.420078717551853        
4.668282357030183        3.769235974974334        0.6412741716261838       
4.446813540149699        3.799482006390486        0.6949154162708799       
3.861766379870897        4.192464719863343        0.6531026303800702       
4.488896358697663        3.981181920092431        0.8089422933904217       
4.049586397675658        4.011340176021012        0.7528007873924869       
3.734146541839926        4.499974863695179        0.4573275736591165       
3.705809129842135        4.330932774031326        0.5145885367148367       
3.786065960615094        4.654643331327515        0.4957871223347837       
3.544199850041734        4.464151366493317        0.4101687244363139       
3.384619964675004        4.58632180453175         0.2362402902698074       
4.139268865578432        4.343553068451339        0.6822372289345091       
4.309389853423379        4.174824438370027        0.8008987246903199       
3.922236533545219        4.540491226169607        0.6895832967918519       
3.732758549982881        4.307727197435987        0.7375108029018757       
3.616203184039654        4.598356133674349        0.5359536514532227       
3.65233694114919         4.760297770971578        0.4047491637793638       
3.433442745125259        4.736203411586387        0.3823625521879226       
3.536452944114603        4.847009446459039        0.2351164538699901       
3.300124067554562        4.829813172322557        0.1578686856289408       
3.263889646320461        4.673004269260121        0                        
3.440461433489435        4.915604000656067        0                        
5.610204420937622        1.007772968129206        1.082384234071061        
5.400765649115765        1.822561495075313        0.9746149186599623       
5.510209475195235        1.458626593569667        1.116341288377628        
5.651606353439806        0.7411785383824894       1.416682429554403        
6                        0                        1.499999999999999        
5.699999999999999        0                        1.499999999999999        
5.170466175753076        2.734293200906714        0.7100453614577236       
5.019259930823562        3.287404712965693        0.8276265554249707       
5.089924240360807        2.565671691270621        0.8462457228986392       
5.173718853699697        3.038524843221179        0.8040409054809544       
4.815410764280657        3.049888386687287        0.7280523835581637       
4.941848888312522        2.840445311053232        0.7295956938196191       
4.276469973605701        3.768528169570828        0.8191569486324923       
4.630313876488268        3.32418311848192         0.8235714341444511       
4.464542908040873        3.543706621923144        0.7574571574914707       
4.829127994595174        3.56083175842628         0.7962048983241121       
5.708360515198098        1.847869104814325        0.981719858402223        
5.819063001014687        1.462363084265305        1.160345645330046        
5.349941269561983        2.716271049110805        0.9286810920044863       
5.544715187394082        2.292625894183659        1.074102446368537        
5.138077590006784        2.467824685643223        1.142844498469881        
5.27347374325838         2.163440472757324        1.232698636708386        
5.865195172996164        1.264707706413815        1.606639851532556        
5.964266605094071        0.6538530900436577       2.01835961434286         
6.000000000000001        0                        2.339470628393574        
4.620033329922457        3.828223090469729        0.9975265140955825       
4.874760637303127        3.49810073168284         1.158280186591328        
3.883177178224236        4.172641250157801        0.9018213903125005       
4.37311736948755         4.10802196594496         1.077655992839208        
4.119764594093288        3.939230849957306        1.074546274358786        
3.555200772479088        4.455395321109464        0.7109872130147921       
3.688206518037572        4.732560900855388        0.661738578470133        
3.353178506993008        4.609359380677551        0.5605842273906975       
3.159786701619693        4.744022343989047        0.3157373712578793       
2.999598078103799        4.846896991212317        0                        
4.077991909866422        4.401134170082071        0.9958003822117889       
3.655026788062624        4.373874618521273        0.9698531951810091       
3.803550097983559        4.640367081614261        0.8816942250621335       
3.482265525575507        4.886085018641032        0.5284848141060389       
3.301820817770291        5.009788347559079        0.3167977176784409       
3.160118308605858        5.100357975128844        0                        
5.552245095943695        1.289408544476568        1.584860515577543        
5.385569157747545        1.866988175409365        1.547240344503104        
5.656386241247084        0.7037717597564399       2.18017981640075         
5.699999999999999        0                        2.492027026369681        
4.872838672731994        2.957269563216633        1.154681949640582        
5.155026895367024        3.070129917127713        1.121203026066117        
4.47226417330693         3.533957153695454        1.207162454006175        
5.670842608194352        1.95998574308271         1.592747108030283        
5.13026397050718         2.484027293110103        1.681828347450675        
5.380370999204983        2.655486379350114        1.4571575149781          
5.807961923077834        1.505848033527292        2.317708378383308        
5.943514306063271        0.8213633140220132       2.898581004611068        
6                        0                        3.397967945174575        
5.018399693309529        3.288717762014675        1.669301555014948        
4.557293632263063        3.902700955663212        1.548906140415752        
3.87999457622272         4.175600805690395        1.218593560525106        
4.177055731581826        4.307227114427496        1.355649010976912        
4.132942345053125        3.925402854799336        1.402238530904627        
4.314118856480458        3.725369577929114        1.708318211780675        
3.518084200686463        4.860358377412132        0.9302567070444218       
3.389951326255617        4.582382568666412        0.9064304212225921       
3.090139426987264        4.789680398709169        0.7302734720059267       
2.614078339720214        5.065227934402622        0                        
2.805687319635471        4.961664908519793        0.4140560236208535       
3.522805748608473        4.481053409363818        1.315687310847528        
3.76555469953664         4.671252273726771        1.355510809036777        
3.228842701412176        5.057131084867913        0.7379462523165248       
2.952845726338746        5.223093156018088        0.4393950507083866       
2.747123314455615        5.334158525381363        0                        
2.3186150801705          5.207112838224839        0.4864856808712337       
2.048113857321547        5.319320822042132        0                        
5.408485243588428        1.799524206529663        2.276526268617505        
5.7                      0                        3.798830404780348        
5.6357878110563          0.8531680659455286       3.114376098779226        
4.710518012839371        3.209520221266073        1.862405170675685        
5.027981208267677        2.685033513628292        2.31434868628005         
5.912260098567499        1.022340709786429        4.124871594277023        
6                        0                        4.675435024264132        
4.322397462787831        3.71576104905648         2.211279833163074        
5.401440359306947        2.612363306443043        2.454935262570217        
5.694011286250054        1.89162244437335         3.41108273924303         
4.754991217987595        3.659242888475817        2.402570920488001        
3.309723494135207        5.004570949878664        1.237654363821461        
4.095980087614538        4.384398148191517        1.961919128060341        
3.891014294200369        4.165334051709227        1.819538233641417        
3.157894593591196        4.745282050180736        1.226364362100335        
2.698936258577747        5.020532150293865        0.990705182938415        
3.533368225259533        4.849258601552025        1.75389460137929         
3.343311652698369        4.616521113666794        1.712925840623615        
2.862806931466717        5.272981744055835        1.034525077172925        
2.443842647892686        5.47974754093114         0.5888339118055474       
2.140805610082358        5.605076910544294        0                        
2.208684396849966        5.254684884473235        1.193764124703415        
1.714325733596072        5.436091176491642        0.5884966327870023       
1.216196761935422        5.568734321254261        0                        
1.260404319824459        5.866115395105717        0                        
5.699999999999999        0                        8.443047674940338        
6.000000000000001        0                        8.667639028637332        
5.999999999999999        0                        7.335278057274659        
5.908493642657188        1.043888343971515        8.147312111482973        
5.611665779861882        0.9996035089609966       9.042058684184418        
5.934427987602364        0.884626734821949        9.12381954024683         
5.699999999999999        0                        10                       
6                        0                        10                       
5.7                      0                        6.879866667927613        
5.999999999999999        0                        6.002915735281111        
5.887900803955255        1.154393400354952        6.83820525916543         
5.7                      0                        5.321949226146161        
5.884394424826695        1.172135765629777        5.400903177594523        
5.57998287243116         1.16352530843763         4.478508993271598        
5.577317908082743        1.176233374879123        7.787336617144325        
5.518962064471152        1.425151827325182        6.290552039464399        
5.183882788621781        2.370096882794217        3.481652946349545        
4.617620571077171        3.341792971080785        2.782508734268865        
5.555652610413149        2.265992955066181        4.603630213387295        
4.025272769174645        4.035737743429456        2.709900570345995        
5.02960140281618         3.271560748142927        3.686415012538973        
4.216553180843901        4.268568761671197        3.136241534141996        
2.993005185962136        5.200184607954198        1.796686635666281        
3.333042759914138        4.623940523037028        2.425850592691863        
3.475911286371039        4.890607398808293        2.435827414532209        
2.729749393908925        5.003845345976817        1.803480796585419        
2.247501629398021        5.563158853192423        1.46404769855573         
1.710792107748937        5.750929521743763        0.7857457022797182       
1.651636172657574        5.455464962142918        1.290085707546851        
2.030802856483491        5.32595904585254         1.758671029311678        
0.8802766087429286       5.93507481773398         0.8023413149188641       
3.490243377569956E-16    5.699999999999999        0                        
0.8522984809028965       5.635919383689817        0.9766391144634928       
3.67394039744206E-16     6                        0                        
5.615096882686602        2.114399914406733        7.740746261408161        
5.712678069299163        1.834477930242931        8.981274916794099        
5.861251183931045        1.282823041801039        10                       
5.332939911484729        2.012399537987733        8.860315946703032        
5.516119553573871        1.436082814202383        10                       
5.4136399310549          2.586987185296421        6.26376131280649         
5.140412456595982        2.462957526242151        5.045829886045372        
5.245421991679376        2.230593671919284        7.536592352816872        
5.031451211624959        2.678525472165187        6.457154819431601        
4.415403552259201        3.604748461501416        3.810678758248506        
4.87188517288033         3.502104347712786        5.139556791398324        
3.490243377569956E-16    5.699999999999999        1.399469897135502        
3.328462900762598        4.627238346816276        3.574392474927061        
4.215787609582832        4.269324868276935        4.352173137439528        
3.327966359611672        4.992458303210256        3.59633942621697         
2.459593790029619        5.472695714914884        2.62601536886178         
2.245926739468366        5.238875173254369        2.772881399676763        
1.182277812672001        5.576039739247157        2.112205388980382        
1.287064190812568        5.860329834465633        1.920165962469737        
3.67394039744206E-16     6                        1.413570336403337        
5.036809566579048        3.260452329051566        7.626565671590813        
5.258405041170278        2.889494146558358        8.791669629975893        
5.490583827853911        2.419378603243212        10                       
4.715030264831936        3.20288769733172         8.717322500893104        
5.037195028591297        2.667705523083991        10                       
4.642616726600735        3.800803853119374        6.504251112661759        
4.428108467368695        3.589130173345301        5.77860123805878         
4.565050671465157        3.413255391405031        7.231533833366406        
4.053572488502045        4.423635391898765        5.665851784640355        
3.478846542784169        4.515265964675683        5.041190410823381        
3.490243377569956E-16    5.699999999999999        2.83145799264552         
2.421837917065429        5.159912896887329        4.233610387133059        
3.322950832246057        4.995798010976348        4.987814905345616        
2.328180277006662        5.529880342083108        4.104366029584202        
1.222573141249385        5.567343613815803        3.488158491374215        
1.272176612675559        5.863579680209124        3.436550720371897        
3.673940397442061E-16    5.999999999999999        2.839572752594852        
4.379704123358791        4.100998877326595        7.535997521030923        
4.558896464069534        3.900828505573438        8.748251542215314        
4.936559807825946        3.410329480410035        10                       
3.906971299137623        4.15037049764414         8.051270774799955        
3.969100829707115        4.09099481833188         9.142159321837889        
4.393446495199162        3.631464358384254        9.999999999999998        
3.554302882363425        4.45611164811016         6.716277330867325        
3.846535566743441        4.604797947117518        6.949989386966612        
3.14230758650972         5.111350411756511        6.316245111161262        
2.423540114213651        5.159113617163056        5.706830075069882        
3.490243377569957E-16    5.699999999999999        4.267100624657489        
1.239537853208795        5.563591098423978        4.949605687476033        
2.273902116361084        5.552420117859292        5.637678631379749        
1.203054359467998        5.878151087558488        4.906504696861814        
3.67394039744206E-16     6                        4.270972484416234        
3.789509969983238        4.651839871211995        8.101388405879668        
3.827432262165807        4.620688506979488        9.071370343428418        
4.242640687119287        4.242640687119283        10                       
3.041481005165764        5.171981563696438        7.623337252496998        
3.097439370719377        4.784962836294294        7.992329265366809        
3.270241476092663        4.668567305720598        8.939306463995923        
3.631464358384256        4.393446495199161        10                       
2.290909960973548        5.219361220562549        7.215684506489193        
2.103995746932319        5.619003639159768        7.064396785749443        
1.203493240404747        5.571499261446606        6.402371100853468        
3.490243377569956E-16    5.699999999999999        5.697406139312125        
1.086233807642001        5.900855540947902        6.413472387391539        
3.67394039744206E-16     6                        5.716406406657079        
3.167633032159196        5.095694356373225        8.892987245077295        
3.410329480410039        4.936559807825944        9.999999999999998        
2.19227182213618         5.58515391532478         8.430759653276056        
2.147401046865646        5.280025449173547        8.71653462568608         
2.66770552308399         5.037195028591297        10                       
1.078345541541293        5.597068062212395        7.808909586680734        
1.154663912239468        5.887847760410576        7.73651075747132         
3.490243377569956E-16    5.699999999999999        7.138514929661908        
3.67394039744206E-16     6                        7.14759478666244         
2.419378603243223        5.490583827853905        10                       
1.275515981415727        5.862854166799058        8.982642032780559        
3.67394039744206E-16     6                        8.573797393331217        
0.9770303232403366       5.61563992323839         8.917005042214377        
1.436082814202379        5.516119553573871        10                       
3.490243377569957E-16    5.699999999999999        8.574553507864703        
1.282823041801042        5.861251183931044        10                       
3.67394039744206E-16     6                        10                       
3.490243377569956E-16    5.699999999999999        9.999999999999998        
