3.765946062342378        2.176196062209006        0                        
3.720766959099465        2.103385947222407        0                        
3.754583415134675        2.195265809187846        0.07749375285761197      
3.669298101281462        2.187879709523112        0                        
3.811991428008846        2.245226561571265        0                        
3.863990229587885        2.157500398175473        0                        
3.137515398156434        2.903227667035909        0                        
3.165901108535871        2.926442639785595        0.04542141532948075      
3.156469223304504        2.991767237188591        0                        
3.068508954029509        2.974914499497541        0                        
3.223324485983932        2.91903596196215         0                        
3.203577123272667        2.829010940675689        0                        
3.197234193122805        2.865045179558673        0.07844044356627002      
3.117751622936193        2.814181313702989        0                        
3.181829043479272        2.741524179023537        0                        
3.148031346524174        2.780269526736786        0.07541546925362075      
3.288254435340614        2.845317708060781        0                        
3.241967639872588        3.01193543044259         0                        
3.308507079598375        2.938622283539325        0                        
3.324752892079601        3.032492466190328        0                        
3.246437039721432        2.949820832380559        0.08146541787891982      
3.37287969205047         2.863322158643317        0                        
3.311893065810375        2.875514196480923        0.08146541787891927      
3.391252386023192        2.957937430204765        0                        
3.710334835797992        2.260301887113603        0                        
3.534814440941516        2.597982438562153        0.06561745054304514      
3.559872655612511        2.629814432025539        0                        
3.53651530608704         2.531772480934759        0                        
3.478039313924332        2.614053965876364        0                        
3.499472170295393        2.71010764374713         0                        
3.452574903932248        2.520545590321277        0                        
3.618496510697471        2.547011170888261        0                        
3.41355804129859         2.694560444500647        0                        
3.391108285322324        2.601881035698223        0                        
3.443842494639873        2.656086403226943        0.08082717011224984      
3.4212248566701          2.562246375883941        0.07048032861367239      
3.363772957566733        2.514960308832318        0                        
3.359980363644266        2.642002628870544        0.07048032861367239      
3.330085917880574        2.68005809629448         0                        
3.304873153568655        2.591874446305379        0                        
3.266723929105604        2.75466126405723         0                        
3.260004387168513        2.793116238902502        0.09490222867378385      
3.351139327595478        2.770703602613862        0                        
3.330719599776075        2.738584120667169        0.08326025876340239      
3.24421421805062         2.667408978218637        0                        
3.208115708526648        2.710718281324077        0.1083390394686451       
3.277795218383078        2.62603474964537         0.1010751542988597       
3.335137997434397        2.552813063674908        0.06641627178831877      
3.59009876791421         2.502753663176496        0.04408844689728909      
3.592327210041945        2.444977613727209        0                        
3.508437108866677        2.437248009183148        0                        
3.673496068889703        2.464807397197906        0                        
3.510406408306459        2.502202367681829        0.0788378524796385       
3.420883353356376        2.436708299063801        0                        
3.389385532710457        2.480335806025677        0.09971057829270769      
3.56124440013025         2.354569288007633        0                        
3.564741156405462        2.41921421652501         0.0788378524796385       
3.476174443003024        2.357160390569936        0                        
3.652406668155376        2.414848043629136        0.04408844689729131      
3.733385633786506        2.405145129131471        0                        
3.661131106569367        2.355961241840036        0                        
3.655996959669818        2.067289585637445        0.06526341322652729      
3.678563595533161        2.026860015475782        0                        
3.630837051633541        2.111163942138068        0                        
3.453430686321628        2.390359072351292        0.1073275834475845       
3.529616328572119        2.276358556920837        0                        
3.506259904882167        2.312172458839456        0.06711986716474438      
3.581179463019766        2.194345051109477        0                        
3.617942194242902        2.272825761394199        0                        
3.558895875610617        2.230304944746735        0.09640761296216327      
3.611720523555457        2.14370587061945         0.1003250814974255       
3.724333603284339        1.941478057882456        0                        
3.769750284942386        2.015471079841384        0                        
3.699004610474874        1.989312668155918        0.09254601447068023      
3.633239975282499        2.320708257681885        0.07928162349817526      
3.680581481084936        2.243580658780441        0.07749375285761474      
3.86050457600403         2.312250379305905        0                        
3.759140848940913        2.327345288205822        0                        
3.789701118049577        2.283359911968401        0.10941375276105         
3.836181468172179        2.352384267770116        0.06383999980686728      
3.808222933393602        2.397381242210758        0                        
3.699608863798395        2.140812570902067        0.1101254594708784       
3.861616213934306        1.998236156562539        0                        
3.802701057315035        2.032818176466456        0.05947687447590612      
3.814304553595357        1.927238150918718        0                        
3.816420263895927        2.088367966225199        0                        
3.911734745589272        2.069800597161515        0                        
3.743761303188078        2.061150307308483        0.08381663087886072      
3.788517995901285        2.13298794646105         0.07508724728704121      
3.743220767926971        2.214335556166687        0.1549875057152284       
3.840941289406525        2.195393758689809        0.1276593256806769       
3.910882832203179        2.225979498320139        0                        
3.883986979243501        2.272585563860456        0.09131664326564704      
3.897217100933351        2.091666922111838        0.1086542542561919       
3.95933405846979         2.138611792765463        0                        
3.938661810886075        2.176451961212933        0.1003311456461259       
3.98334427240651         2.093554013510577        0.06713401393829976      
4.005834665926355        2.050190474115872        0                        
3.999887064951928        1.892019263668383        0                        
3.95574280760883         1.979689740405775        0                        
3.941672515789609        1.922253425155466        0.07029291187433563      
4.050361065695363        1.960758753845358        0                        
3.90586880977895         1.910715540412242        0                        
3.947754478384049        1.82249727631635         0                        
3.91944480836148         2.006960173633652        0.08947358306526378      
4.025251969197257        2.011801825348015        0.09749588789880193      
3.108477731087808        2.933849317609041        0.09084283065895928      
3.052015953156181        2.885341653855243        0                        
3.088114456357554        2.846673339959378        0.1020150843234874       
3.040404135467161        3.004323986594385        0.07148864957628344      
3.087222414167132        3.063748266920229        0                        
2.997602659172856        3.041824804534055        0                        
2.984656079000031        2.954966501572781        0                        
3.013074158826202        2.925984298217228        0.09462704691894197      
2.951967265116262        2.987622677930065        0.06330672215813349      
2.915707667014134        3.023018600816732        0                        
2.8037966560455          3.280305610054377        0.04786531098384895      
2.763986721652119        3.293991105411604        0                        
2.828265482620774        3.370595549723503        0                        
2.856847538029798        3.274560224873102        0                        
2.792808730000145        3.223291570853796        0                        
2.902455839239044        3.351470496988018        0                        
2.960931876421627        3.288359276057494        0                        
2.968356504431789        3.382137452058892        0                        
2.906317617943006        3.292238655535343        0.07878538416724869      
2.938713846143864        3.209326568646942        0                        
2.699707960683466        3.217386661099706        0                        
2.862455377244243        3.375987539227138        0.07070957803755996      
2.81706987301725         3.432111687931858        0                        
2.892544243589428        3.4471999940354          0                        
3.128841005818058        3.021025295258708        0.07967057699443504      
3.174131277438311        3.084009030652439        0                        
3.103263176882751        3.155584694007724        0                        
3.186870814852028        3.17708202808418         0                        
3.125426749325881        3.13214011466151         0.08647773777289926      
3.013745223850453        3.134883549897627        0                        
3.151387745177969        3.212281942722668        0.06252593076322366      
3.115555764151687        3.247044860578757        0                        
3.357792984567888        2.995868200169473        0.08288554755353894      
3.211167572231822        3.04371977312701         0.09469668020292589      
3.256614850041052        3.10555298969027         0                        
3.29349413864559         3.066414250995313        0.1097227834114178       
3.219203726567421        3.14431667725349         0.09803317725258942      
3.032744305583759        3.225924259437347        0                        
3.000141436284453        3.225465881974772        0.08617395379772409      
3.042705669315408        3.315407871405169        0                        
3.023179441347603        3.33322457470438         0.07924033740241199      
3.080958862257888        3.279892145951537        0.09356252342820115      
2.973068736347682        3.377996786403444        0.1178929115671828       
2.909911140549137        3.432552571208199        0.100661412402297        
2.987071408376859        3.106736659026814        0.06685509201030561      
2.928468623975069        3.109072421913352        0                        
3.063316527518268        3.192146521045906        0.1136363537244078       
3.045674192778649        3.104400896140278        0.1337101840206145       
2.780060097307433        3.373069189996267        0.07602430096376069      
2.71743870104963         3.333114556812204        0                        
2.756035554460002        3.423714411767281        0                        
4.122786562325966        1.611374882053389        0                        
4.136096807808391        1.499999999999999        0                        
4.208295544704709        1.593813881995137        0                        
4.087729542979936        1.556671608650647        0.07772666268596186      
4.054820309303485        1.568899225086117        0                        
4.029552928497499        1.499999999999999        0                        
4.069633538997842        1.439178389518781        0.06082161048121926      
4.152874508523655        1.424369108185192        0.07563089181480798      
3.870953388782873        1.896027630411937        0.07029291187433563      
3.857605168292359        1.839826333271855        0                        
3.768121628000577        1.855062891635593        0                        
3.78898185073414         1.977268386707711        0.1189537489518122       
3.749390992808386        1.892634984102149        0.09025690634999917      
3.786924608324607        1.816370559898369        0.06127885163857871      
3.809904115472285        1.767660400437905        0                        
3.913609642023012        1.808038485428225        0.0702929118743323       
3.899617060075638        1.751259860951295        0                        
3.989699636739947        1.734862107642605        0                        
3.849660063216711        1.679317662087094        0                        
3.823554614688467        1.737938465105862        0.08929357614046063      
3.957935858937177        1.713511670088755        0.06790508203219249      
3.939626360926979        1.662613225626707        0                        
4.032312343039438        1.647708386455708        0                        
4.074682359720908        1.909702507559554        0.09199006544341137      
4.092890049356677        1.870360085012566        0                        
3.988066210949653        1.828214689109593        0.0679050820321936       
4.040713825446342        1.800889386575053        0                        
4.028356912254911        1.738856162791545        0.07863575575009109      
4.086130534718209        1.705593425633867        0                        
4.133401366902905        1.779039399854574        0                        
4.110582524464474        1.83115026952112         0.06294894046177668      
4.062746406434841        1.659468321467582        0.07772666268596408      
4.171876151659082        1.686842173731046        0                        
4.145986572644931        1.749512886333775        0.09198258516992464      
4.184327353821292        1.655718755122049        0.1042743749528968       
4.214763782925554        1.57663129936554         0.09736516294887643      
4.242640687119286        1.499999999999999        0                        
3.976245356947376        1.764410114550806        0.1358101640643878       
3.989494319539228        1.637978221464001        0.07772666268596186      
3.974727077316785        1.572271507302776        0                        
3.887368648649576        1.590081815601633        0                        
3.862038541491379        1.650653901953749        0.1010765199572661       
3.894856770695232        1.571652231178865        0.09363318452000891      
3.923009049186605        1.499999999999999        0                        
4.004335540345261        1.531033860961538        0.1049502272469222       
3.920941537710586        1.505396113272429        0.1321737918078836       
4.180766641000922        1.493851566717925        0.1174868367432958       
4.146332992135565        1.543201061027424        0.1730022632802364       
4.240039917619852        1.507335893883726        0.1348161644962947       
2.851970056645796        3.480842828395988        0.09147210573407283      
2.797034715124493        3.52513558040616         0                        
3.191468881945585        2.975176905396549        0.1646462758450668       
3.250906439570277        2.887706234318526        0.1629308357578374       
3.168043946661849        2.868779027287216        0.23507782990503         
3.145878007258651        2.782705798938568        0.1953546030477121       
3.38347234351305         2.792170849378207        0.0832602587633985       
3.435591405354525        2.787231553716551        0                        
3.456081136588397        2.881925125932488        0                        
3.451179457854354        2.737273074974241        0.1034142265914895       
3.51920694849179         2.804492797572397        0                        
3.49489142775043         2.834737008654695        0.0685947738246534       
3.331353281671572        2.797110145039862        0.1665205175268003       
3.428513927469225        2.914668462990182        0.1163174470556227       
3.313843124123864        2.932569476065085        0.1575340640643114       
3.742359612247139        2.360487510869846        0.11120162340161         
3.7858973672634          2.432484557925919        0.1028536663823426       
3.7540634563986          2.481329941392801        0                        
3.643682229741383        2.473734845418231        0.08817689379458372      
3.698054051435228        2.564055894678229        0                        
3.671301282994754        2.602219608234686        0.06790591730900075      
3.64022276971105         2.645518644726779        0                        
3.722623303077307        2.528255474311448        0.0975159351095306       
3.580597662433632        2.72567773419819         0                        
3.549835075352059        2.765623065025355        0.09034822591695968      
3.518886572195657        2.682375300570274        0.123568194419581        
3.591589567958697        2.581910911247947        0.131234901086092        
3.614941223236723        2.679962677453511        0.1047940972129147       
3.409645675355412        2.698118840577528        0.1616543402245002       
3.487938069039251        2.599127536115194        0.1567881629222001       
3.389874809407954        2.60394716144661         0.1409606572273409       
3.234192635873914        2.679551827089548        0.2167235879979773       
3.335907124176038        2.55180791966628         0.2010941443424308       
3.568237912680673        2.483859145042385        0.1576757049592742       
3.424589434914417        2.431498962013463        0.2143063508184989       
3.537959650893126        2.361955583269121        0.146555340044996        
3.648537756322095        2.368590753969576        0.1585632469963483       
3.878959090993405        1.965224105259505        0.1453614834329448       
3.927602223970391        1.864817109905156        0.1405858237486663       
3.658067191778859        2.063624098626279        0.1845008947076582       
3.723603471857992        1.942878581992994        0.1952606775008348       
3.61851126647869         2.275484751916658        0.1893049584137219       
3.511178145380791        2.304696950013235        0.2142728276103506       
3.588484776635283        2.182378749863738        0.2200466698310977       
3.755058281993362        2.041678384366523        0.2376119307867764       
3.731427542879349        2.306481280497107        0.210588317416035        
3.843704947540092        2.34007099812288         0.1902438027486036       
3.765792701485875        2.171127440418732        0.230074753002274        
3.811089929460188        2.089779830713096        0.1501744945740869       
3.914940277078318        2.218838125440868        0.2073786539551337       
3.983931157326039        2.09243698440044         0.1868139425520227       
4.049286539254028        1.962976954275353        0.2040521921755556       
3.059894822805199        2.984264223336932        0.1718515115530972       
3.047425056292381        2.890190396199076        0.2089595245663356       
2.919324010311018        3.171039617998011        0.07878538416724758      
2.860130077443081        3.177400868448857        0                        
2.84520834619844         3.089462716921195        0                        
2.888622564679415        3.048911228426455        0.08567776725478649      
2.977926794712808        3.168703855111476        0.1456404761775565       
2.831874607226243        3.101690862891917        0.08034443103544286      
2.7731958622044          3.154263765233182        0                        
2.949330048141414        2.990226123076675        0.1843618691173204       
2.846192372971257        3.217570087279451        0.09773739120271353      
2.786067127999508        3.142901519023555        0.1166893982381806       
2.750745774061198        3.286050995235652        0.09573062196769345      
2.721431450814963        3.199032800475037        0.1154369429716218       
2.910179396646968        3.233006814082673        0.1575707683344985       
2.80408464015486         3.322423968225253        0.1520486019275225       
2.891238178734497        3.351533055685149        0.1409149982253133       
2.747512299393625        3.468488351386994        0.0732632177602749       
2.653487534264895        3.465422901656583        0                        
2.652822614995392        3.352137362542722        0.07326321776027324      
2.607655346328029        3.292433602717615        0                        
2.645606338240957        3.262018869206503        0.1256585394186621       
2.856745181195195        3.476924930124036        0.1842690665545915       
3.147590321769014        3.108695535315297        0.1729554755458007       
3.153071063890601        3.210629668157914        0.2045093321225333       
3.353488678836297        3.000685535159722        0.2195868687343155       
3.249506450759374        3.112990174490311        0.2122007670709836       
3.034291665294423        3.32311210914179         0.1984521384308219       
2.934413743008908        3.411629520455064        0.2263589729352178       
2.962398083423453        3.080776791083343        0.2280723970947052       
3.055947413500635        3.19851517576236         0.2329362532360224       
3.15494380778529         2.994284837232283        0.2842841712144995       
3.077603161706845        3.073918242382932        0.2674203680412258       
2.697989883662752        3.411841122367833        0.1465264355205465       
2.474748508030873        3.393462088806878        0                        
4.039362278151478        1.613343217301297        0.1554533253719265       
4.089793035373686        1.468234041647752        0.1569287049756785       
3.954039085405318        1.416183956111124        0.08381604388887556      
4.066032618851475        1.386433823127054        0.1135661768729457       
4.161084373027149        1.33169767149958         0.1683023285004198       
4.271457442519815        1.415857718341183        0.08414228165881697      
3.785322321045931        1.819707373670678        0.1820410878815898       
3.835968690421445        1.710363764263726        0.1708592918587426       
3.751657352847498        1.888138529564317        0.2830103316278187       
4.00107667765314         1.703650669380153        0.213536826750349        
4.108669415053188        1.835438813419421        0.1918308518334888       
4.060193756191571        1.750114943992801        0.1577210418920711       
4.157783018592372        1.721290321330166        0.1787328589359666       
4.077902201345576        1.509770822689307        0.2486393636115936       
4.205736974645108        1.600555060003566        0.2333730587905547       
3.962791077154801        1.793958121459009        0.2716203281287722       
4.075519046666909        1.907916271814685        0.2955018653452179       
3.884853539312635        1.596218336597499        0.2268657072812374       
3.941145941409223        1.451677880424445        0.2391986199207752       
4.259421108518539        1.451665188776909        0.2365821173892618       
2.65668370625256         3.63207816102338         0                        
2.750373429084537        3.561663375529159        0.1673943316224363       
3.085181453753426        2.849851820255904        0.3072248240522224       
3.252793527347294        2.887252936880355        0.2975793214730516       
3.169927004546022        2.755279075855998        0.3619115297704517       
3.508020799795509        2.818473002922341        0.1895928592443258       
3.346673458458426        2.775293975543598        0.2937971665215878       
3.43413239977696         2.90804653690448         0.2497542715919321       
3.760260124841393        2.471931187053513        0.2102820574001368       
3.674616977768594        2.597535383145877        0.194290572067693        
3.586490605368046        2.71791926620471         0.213865747551692        
3.559585159992764        2.628487424601458        0.2395923226981889       
3.43163907522569         2.672605645579334        0.2968451337907919       
3.27678754508334         2.627292024953963        0.3798245200298889       
3.382910986704633        2.489159146385197        0.3904650138082777       
3.573849102352684        2.479519741804328        0.2856109874795937       
3.467639330385638        2.369699870102254        0.3534038137237971       
3.647172287932122        2.365997395964348        0.2977929994550272       
3.72049547351156         2.252475050124368        0.3099750114304606       
3.806247942129079        2.400515903517025        0.3000459473174982       
3.634743004894039        2.104434196731711        0.3199040755434263       
3.852049372207866        2.019732670106772        0.2907229668658907       
3.907420224681334        1.906845395782891        0.2811716474973314       
3.696771307324932        1.993459781720992        0.3204157882898229       
3.560280835837549        2.228093438338679        0.4013420918188321       
3.786782838856108        2.13544909512722         0.3893809003602489       
3.879646467178443        2.279987563498938        0.3489182373368666       
3.952441391568233        2.151326810649226        0.2984356021039575       
4.017580801196998        2.027077824320834        0.3250655811113484       
3.002135259523093        2.937206816607949        0.3303314039599126       
2.847193005140059        3.08763533978375         0.1887244261481874       
2.914434614198703        3.024247159139022        0.3134361058926233       
2.757977169820646        3.167579822316731        0.2461269775617286       
2.679533228572711        3.234208044788507        0.2207936809302252       
2.912817959178822        3.227291219999863        0.3528430590762344       
2.804793295265589        3.324722589280777        0.303952591898995        
2.58017021982623         3.519384075259226        0.1633975353114492       
2.509726723782705        3.545708150671593        0                        
2.529428698886673        3.352907761518122        0.1606465241127097       
2.606856489270184        3.293068363145521        0.2503261396245193       
2.831754102413874        3.49730878011396         0.3118559748880811       
3.10242158851652         3.259598178780114        0.3194931888567237       
3.199878707874021        3.163981076886284        0.3643249146541405       
3.394527987346069        2.95418004582054         0.3714403707085839       
3.3007793251072          3.058570883099631        0.3178881322854715       
2.990807027043634        3.362301789992448        0.3953659132745624       
3.020842623092054        3.12985985071895         0.4017335262534739       
3.139428018101599        3.010267350867374        0.4092271884401245       
2.651898185783681        3.447680710264617        0.3233743800075473       
2.280373026395056        3.527023314884689        0                        
2.378198361691044        3.461816366078656        0.2034074212259263       
2.44873423248276         3.775406390900856        0                        
4.046728756713105        1.594888914947216        0.3334149311511592       
4.116442124539674        1.406198428077316        0.3418254018512613       
3.995096551577893        1.295841668460475        0.2041583315395246       
4.169846116302606        1.24413443886357         0.2558655611364299       
4.309589409473286        1.295160568314246        0.2048394316857534       
3.852654276647335        1.850074404961616        0.3363931558552736       
3.816912739256423        1.752477429498599        0.351409804424061        
3.742517476139865        1.906190688464218        0.4011659835817738       
4.140658623997688        1.762085741249151        0.3664691215199983       
4.065943939310301        1.928237506736613        0.4271805970404424       
4.21528661409682         1.575232922781949        0.4554369394904834       
3.99681130532618         1.715421921402767        0.5414285142869247       
3.887720538781099        1.589222769890866        0.4334568035117647       
3.973463140560817        1.360731667377725        0.4470686863132634       
4.291946634460551        1.352477019007253        0.4379367773952225       
2.552927680216071        3.705746923305285        0.2490869598055967       
2.448043725739042        3.595687442427649        0.3754736541975934       
2.696939882297178        3.602293057383712        0.3964226203905802       
3.358009822149412        2.764134954152707        0.4643547851756425       
3.078977328329178        2.856553624848466        0.4541294622261094       
3.19369230872753         2.727696727492742        0.5431127898072291       
3.246567434491481        2.893854800953015        0.5317089473108673       
3.522327335571299        2.80057318081267         0.3855967805440474       
3.723108769790952        2.527540521595193        0.3569156241406801       
3.63123225094628         2.657847313087721        0.3223964824741726       
3.464048234151313        2.872345701943479        0.5736431616141507       
3.518949938436638        2.557120640430479        0.4839746514723748       
3.329172895580356        2.56058739966694         0.5613593302083131       
3.465001412490786        2.373555394642572        0.53329656218427         
3.642424766028875        2.376185148895464        0.5186193445716071       
3.819848119566964        2.378814903148359        0.5039421269589472       
3.664607210631517        2.051987814726853        0.5074635288376939       
3.578623297542125        2.198512063712346        0.5730255538762336       
3.853070204200656        2.018423140130072        0.4687867892900378       
3.763007351615343        2.149959265395546        0.5732319447014357       
3.963622932261439        2.130655591795922        0.536407594998306        
3.924723493481757        1.875862232697719        0.5156793449454989       
2.939263657667593        3.000121522657794        0.48397386365022         
2.826527693672356        3.106564210973794        0.370125329994877        
2.889025826797687        3.25207955280969         0.5273194360987378       
2.675172847522274        3.237815658106491        0.3815462108627787       
2.77369707136917         3.350983522499356        0.4819216297820484       
2.505860445825047        3.37055832556707         0.3553674850285204       
2.872221295216073        3.464151386892222        0.5822970487013163       
3.13927458476158         3.224120823026025        0.5040988009525577       
3.299442560255434        3.060012874413287        0.5203051048144969       
3.025905259444521        3.330750269964109        0.6129213459580379       
3.063069599893626        3.088599734649939        0.6356341455994048       
2.62765971978291         3.466581459944796        0.5167169617726021       
2.129465027108556        3.620135176802318        0.289640702977334        
1.993655717185721        3.696660988084751        0                        
2.137837297338763        3.95974901562096         0                        
2.343159771262017        3.485627961550017        0.5018603485895867       
2.285485317151422        3.876410306596203        0.3054891408296728       
1.56765627971199         3.896464174925055        0                        
2.009655058664443        3.842826792714859        0.3208583706701163       
1.673790692399185        4.177128170680653        0                        
1.891785991417795        4.083031442773297        0.3317245543057407       
1.772270554260917        3.807762739785621        0.3884523418621821       
4.05801635390912         1.566105368235041        0.5831427769269194       
4.240378567753418        1.506382953348008        0.6986578460530435       
4.047128761719746        1.122831596352562        0.3771684036474383       
4.357922776236028        1.12183366465619         0.3781663353438103       
3.783503047653219        1.823486958658822        0.6041780928505497       
4.105902071871252        1.841621072914664        0.6494002250620851       
3.900746093721418        1.556977813688136        0.7108486143633624       
4.017379199640521        1.22501606777041         0.7281685502686902       
4.33670729968749         1.201236778007252        0.7000920140550321       
2.486355045034748        3.750738405971584        0.5625815227913711       
2.721402472949559        3.583848292021305        0.7365499339989046       
3.245027797397089        2.666419808304798        0.7191657904480592       
3.049419867372358        2.888085606846644        0.7505228465573055       
3.37965806655109         2.97118012802929         0.7051488162808422       
3.65498889016864         2.62508213447576         0.5774842891364718       
3.506923070867013        2.819838749826075        0.7664032710756108       
3.389674612828309        2.479940728958506        0.7814534314907196       
3.530208881636825        2.275439573359941        0.7154820908366716       
3.829120831933809        2.363859905842674        0.777177338802299        
3.660471639117761        2.059356059358004        0.7767367212710646       
4.013732495754078        2.034687065012146        0.8217232527813911       
2.787244626551737        3.141857315626931        0.6592729589229118       
2.764565962939606        3.355451969953636        0.7322952741606588       
2.558379557268639        3.330869862505877        0.6370113031546232       
2.970752368610571        3.380034077401393        0.8275792451666941       
3.186875542119667        3.177077946642084        0.7872944275485838       
2.954900729417826        2.984721373811296        0.9897887193925942       
1.414406696107569        4.271937932368174        0.4711022195111259       
0.9335895788119422       4.094921075624486        0                        
0.9897823537001926       4.389794217069535        0                        
1.385824349810652        3.964781314457568        0.5110931277109493       
2.361329345925626        3.473344745352878        0.819890096371419        
2.044397185603472        3.668847250499343        0.7587955568341642       
2.173472183819286        3.940306925375716        0.7419082103093466       
1.702004539555227        3.839684954177022        0.9700414466455948       
1.76283811376423         4.140338365962396        0.7332710630971584       
4.158655587904199        1.719181113551793        0.993717983191556        
4.279674629530831        1.390821723065232        1.085014499834439        
4.108094953040647        0.8738171606703218       0.6261828393296783       
4.414570813921268        0.8726769193207244       0.6273230806792757       
4.393084244189051        0.9750952894245312       1.042807079724193        
3.762033058130869        1.867379787169845        1.020596449377811        
3.929217059806649        1.483662123572744        1.165184469483111        
4.077512461461871        1.006922105539027        1.075011257691904        
2.472109370290701        3.760142984159102        1.02265233901263         
2.812537639279155        3.512781238226776        1.046291035759381        
3.238953083582788        2.673795602201025        1.037070044444396        
3.408674667788071        2.937845640802097        1.029070901926048        
3.694617756663213        2.569007518896916        1.047738678771717        
3.531071806770438        2.274100238650652        1.083911057164882        
3.927476742723921        2.196571518381019        1.04180130280826         
4.046070361406212        1.96959758086524         1.143369818779742        
2.64866418534603         3.259536475216261        1.094730741631151        
3.123334872536254        3.239564673532378        1.242276774705289        
2.983887238315617        2.955743045160927        1.381629263506714        
3.36323316864898         2.51568333724643         1.441480495437241        
0.7634836969098144       4.434759592644558        0.7849924914288248       
2.755455298081545E-16    4.5                      0                        
2.571758278209441E-16    4.199999999999999        0                        
1.42092048911835         4.269775750973776        1.013855050620511        
0.6683496893174957       4.146481483473573        0.8087839067032532       
1.349271259124749        3.977369365460028        1.068245658415544        
1.652769820911818        3.861133501846719        1.47417258541499         
2.177257178457848        3.591594517599915        1.334387260009042        
1.959096331608449        4.05116545743053         1.402336596868931        
2.571758278209441E-16    4.199999999999999        1.144391859681992        
2.755455298081544E-16    4.499999999999999        1.175566185765884        
4.163903957336473        1.706430143333639        1.425794645427542        
4.334411145669634        1.209495771094238        1.48297931150053         
4.133617503492886        0.7437784178216231       1.407489249566806        
4.442580198167312        0.716576013310301        1.398496512723736        
4.168271674523852        0.5152797754730942       0.9847202245269058       
4.470503360484043        0.5143942170937266       0.9856057829062732       
3.727746164795771        1.934918223297928        1.552570648850528        
3.994767331861149        1.29685541379714         1.589121075197437        
2.69516018448062         3.603624783463228        1.593548529608738        
3.508092645721634        2.818383577342479        1.527623386768507        
3.910357912934908        2.226903902899125        1.502956329037641        
3.20274860639742         3.161075982038298        1.818634046327399        
3.478737539135737        2.353377388734716        1.876342249441616        
2.649980718466897        3.258466233023394        1.724970983827699        
3.123926005418678        2.807327254288124        1.919176753121666        
1.919483595546769        3.735717163601501        2.189712123379088        
1.095229952207883        4.364684564981382        1.731380738960447        
0.9998679676094929       4.079247975711755        1.827105681702117        
2.099570970270403        3.980176094194552        2.336222947711667        
2.57175827820944E-16     4.199999999999998        2.413666125684538        
2.755455298081545E-16    4.5                      2.481618191588347        
4.444163785114561        0.7066882276338083       2.038129433465237        
4.174008733043911        1.681562100094187        2.067275419380915        
4.13671041487886         0.7263793385227624       2.098064446094691        
4.5                      0                        1.500000000000001        
4.199999999999999        0                        1.500000000000001        
3.819834490582292        1.746099786540826        2.435447492338301        
2.956723194692156        3.392313067800407        2.451328723035428        
3.624475310477729        2.66705431585811         2.335103859802043        
3.338841057958047        2.5479678941646          2.411886142647001        
2.809505203298376        3.121967410566507        2.533454014158574        
2.451373068870724        3.410391484450916        3.203197534680996        
2.474362727168567        3.758660545247327        3.107417041112051        
1.378281008340587        3.967409918580087        3.294962439374127        
1.371972828593244        4.285754374389864        3.257731121235018        
2.571758278209441E-16    4.199999999999999        3.864454528974854        
2.755455298081545E-16    4.5                      3.943482525204506        
1.229578244441067        4.015985226665708        4.720854190833205        
2.571758278209441E-16    4.199999999999999        5.396249755362964        
4.417466380812365        0.8578990467371472       2.850869859479818        
4.5                      0                        2.333638852835599        
4.056889691986131        1.947214941154847        3.211311650143018        
4.065538361907787        1.054228546310588        3.232905680821752        
4.199999999999999        0                        2.480285601244104        
3.373725196212146        2.5015951511872          3.468570520784           
3.310107381864706        3.048473244187127        3.567098795785637        
2.405868956213167        3.442643543198999        4.276436825863575        
2.341607707712381        3.842768968228765        4.247215106574384        
2.755455298081545E-16    4.5                      5.457611893903382        
1.265627175188312        4.318354762340034        4.74631289151905         
1.21939910711648         4.331635466837385        6.187869571088659        
2.571758278209441E-16    4.199999999999999        6.934926544795267        
2.755455298081544E-16    4.5                      6.971741262602253        
1.308632634561632        3.990924783525778        6.168530169432006        
2.15054658576358         3.607651505129148        5.354534062979605        
3.960705541700795        2.136073877921971        4.474912022147203        
4.389693573062863        0.9902476127770221       3.976222514996531        
4.5                      0                        3.39196986965619         
3.998431203657625        1.285514647764479        4.541441078916407        
4.2                      0                        3.789162782322358        
3.294976824125286        2.604443842450291        5.201612960755665        
3.238571581569932        3.124364593168926        5.084779525778856        
2.327202296657332        3.85151002470886         5.682688204107665        
2.187010554331644        3.93280877176122         7.130098921272237        
1.084118337940702        4.36745777648058         7.654552449225815        
2.755455298081545E-16    4.5                      8.485870631301125        
2.571758278209441E-16    4.199999999999999        8.473320784170081        
1.573737653288972        3.894014612019389        7.575297072987011        
0.9688951198007021       4.394455853325459        8.834094857289362        
2.571758278209441E-16    4.199999999999999        9.999999999999998        
2.755455298081545E-16    4.5                      10                       
2.629117766648743        3.275322849596956        6.632813006953233        
3.938349651657855        2.177016771016349        5.812425960241177        
4.36678098764879         1.086841205470728        5.204764003880042        
4.5                      0                        4.684701089631359        
3.531741660531664        2.273059797555938        6.626946616865429        
4.001339811543644        1.276432415976602        5.941287093381012        
4.199999999999999        0                        5.326913099491128        
3.284589416257139        3.075950644371849        6.651392279235163        
1.29963042476537         3.993865390699113        8.878249860226044        
1.297655820959799        3.9945074001964          10                       
2.586344465706472        3.309202669029127        7.832945594771211        
3.014121638337542        3.34141747605794         7.832454328011732        
2.141019012669045        3.958034561166649        8.663362614638862        
2.210458086989635        3.571256787975645        8.503574269763535        
1.39922538137577         4.276934435624397        9.999999999999998        
3.320253588043748        2.57214231936777         7.630833859104655        
3.988658507128095        2.083411460445266        6.891829085268769        
4.350640298836348        1.149751708040119        6.495347481858217        
4.5                      0                        6.011416580874137        
4.007684657425597        1.256369247727541        7.613387322614086        
4.2                      0                        6.891100717244671        
3.731986399499282        2.514413950397266        7.828511895660983        
2.469014436554563        3.397641492531502        10                       
3.262249771688372        3.099633273004916        8.887650646058889        
3.049755248425854        2.88773144954633         8.77182434904886         
2.645094670890081        3.640532128963735        10                       
3.718472803824493        1.952680211201417        8.878197978012686        
4.334370533742166        1.209641300645632        7.952136316927882        
4.500000000000001        0                        7.340949414304126        
4.085129092245873        0.9755615304461317       8.96846308034657         
4.199999999999999        0                        8.451620428916332        
4.010915076392056        2.040235341810083        8.956705463120874        
3.39764149253106         2.469014436555172        10                       
3.640532128963751        2.645094670890059        10                       
4.371583440001762        1.067360401693051        9.077119872541489        
3.994507400196287        1.297655820960147        10                       
4.499999999999999        0                        8.670476749243289        
4.199999999999999        0                        10                       
4.276934435624412        1.39922538137573         10                       
4.5                      0                        10                       
